0 1202
0 1872
1202 1872
493 1872
493 1202
1292 1872
0 1292
1827 1872
188 1827
188 1872
1869 1872
188 1869
493 1869
1868 1869
493 1868
415 1869
415 1868
188 415
415 727
727 1868
818 1868
727 818
818 1203
1203 1868
1203 1742
818 1742
1742 2155
818 2155
1167 1742
1167 1203
1202 1203
1203 1867
1202 1867
493 1203
23 1202
23 1867
0 23
1167 1867
1167 1258
1258 1867
887 1167
887 1258
888 1055
887 888
887 1055
888 1258
23 1258
23 1984
1258 1984
22 23
23 24
22 24
24 25
22 25
1 22
1 23
0 1
1 5
5 21
1 21
0 21
1292 1947
1872 1947
612 1947
612 1872
612 1827
818 1028
727 1028
1028 2155
1169 2155
2155 2219
1169 2219
1169 1742
2209 2219
1169 2209
2226 2264
2264 2321
2226 2321
2207 2226
2207 2321
1480 2207
2206 2207
1480 2206
1480 1937
1480 2085
1937 2085
1937 2203
1236 1937
1236 2203
689 1937
689 1236
1074 1236
1074 2201
1236 2201
1073 1074
1073 1222
1074 1222
1222 2200
1074 2200
1222 2194
1222 1955
1955 2194
147 2193
148 2193
147 148
559 2220
147 2220
147 559
1310 1617
1569 1617
1310 1569
1447 2033
1569 2033
1447 1569
1447 1992
1447 2058
1992 2058
1412 2058
1214 1412
1214 2058
1386 1412
1412 1414
1386 1414
941 1414
941 1325
1325 1414
1325 1326
1326 1327
1325 1327
984 1327
984 1950
1327 1950
528 1327
528 1950
1950 1956
1585 1950
1585 1956
1950 2059
1956 2059
199 1585
199 1956
1080 1221
1080 1255
1221 1255
1080 1875
1221 1875
1221 1759
1759 1875
1077 1875
490 1875
490 1077
240 242
181 240
181 242
240 509
242 509
7 397
7 508
397 508
9 1029
400 1029
9 400
17 956
956 957
17 957
35 917
244 917
35 244
1077 1373
917 1077
917 1373
244 1077
1077 1080
206 1077
206 1080
206 1730
1080 1730
1080 1332
1332 1730
1079 1332
1079 1080
1079 1956
1079 2059
973 1079
973 2059
261 973
261 2059
249 2059
249 844
844 2059
844 1950
528 844
844 1015
528 1015
528 1888
528 1611
1611 1888
1611 2161
1888 2161
589 590
590 1361
589 1361
1386 1387
837 1386
837 1387
1214 1387
1387 1412
1214 1992
594 1214
594 1992
591 2123
591 592
592 2123
1334 1455
1334 2123
1455 2123
1453 2123
1453 1455
1334 1453
986 2186
985 986
985 2186
2034 2170
2033 2034
2033 2170
1310 2034
372 2034
372 1310
614 1352
614 1141
1141 1352
559 1141
559 1352
1110 1114
153 1110
153 1114
153 164
164 1110
1113 1114
153 1113
1103 1113
1103 1114
1113 2115
1103 2115
1229 1324
1229 2191
1324 2191
2082 2098
1253 2098
1253 2082
334 2098
334 1253
1253 2217
2082 2217
1168 1253
1168 1169
1169 1253
1169 2210
1253 2210
1168 1742
1167 1168
1055 1337
997 1055
997 1337
888 1337
888 1984
888 1340
1340 1984
23 905
905 1984
905 1340
1337 1340
1249 1337
1249 1340
1044 1337
1044 1249
905 1249
24 905
5 25
5 24
21 24
21 1292
498 1471
498 1292
1292 1471
1292 1907
1907 1947
612 1907
498 1907
1129 1907
612 1129
1129 1372
612 1372
1372 1377
612 1377
412 612
612 1101
412 1101
412 1827
1101 1377
1101 1102
412 1102
733 1102
412 733
412 731
731 733
637 733
637 731
323 638
323 731
638 731
323 331
331 411
323 411
411 731
411 412
188 412
188 411
187 415
187 188
187 727
183 727
183 1028
183 2088
1028 2088
2088 2155
74 2088
74 2155
550 2088
74 550
637 1591
53 1591
53 637
49 297
293 297
49 293
65 66
63 65
63 66
62 66
66 195
62 195
62 1278
64 1278
62 64
77 1278
64 77
79 1278
77 79
78 79
76 79
76 78
76 1278
1278 1749
76 1749
75 1749
75 76
75 2155
73 2155
73 75
75 2222
2155 2222
2219 2222
2219 2237
2222 2237
2263 2303
2222 2263
2222 2303
2222 2302
2302 2303
2302 2351
2302 2357
2351 2357
2357 2377
2351 2377
2368 2377
2377 2386
2368 2386
2368 2378
2378 2386
2386 2392
2378 2392
2208 2386
2208 2392
2206 2392
2206 2208
1480 2208
2351 2368
2358 2368
2351 2358
2303 2358
2303 2351
2263 2294
2294 2303
2252 2294
2252 2263
2252 2272
2272 2294
2237 2252
2237 2263
2252 2273
2272 2273
2295 2304
2273 2295
2273 2304
2321 2345
2345 2378
2321 2378
2358 2378
2345 2358
2321 2392
2207 2392
1391 1530
1480 1530
1391 1480
1530 2085
1530 1988
1988 2085
1937 1949
1949 2085
689 1949
600 689
600 1236
600 1074
1074 1722
600 1722
133 137
131 133
131 137
134 1363
131 1363
131 134
137 1363
1363 1510
137 1510
1132 1510
756 1132
756 1510
1132 1363
755 1510
137 755
599 600
137 600
137 599
599 1722
1073 1339
1074 1339
1450 1801
1073 1450
1073 1801
1222 1450
1108 1222
1108 1955
147 1473
559 1473
871 1473
559 871
871 872
559 872
559 1617
872 1617
989 990
989 1569
990 1569
990 1617
989 1447
1447 1829
1829 2058
935 2058
935 1412
934 2058
934 935
935 1360
1360 1412
564 935
564 1360
564 1178
564 1161
1161 1178
564 1174
1174 1360
1120 1174
1120 1360
1120 1413
941 1120
941 1413
1413 1414
1120 1414
1120 1412
337 1325
337 941
337 1326
1327 1565
984 1565
983 1565
983 984
130 981
981 983
130 983
130 1565
338 1565
130 338
332 333
332 693
333 693
130 332
130 333
332 542
542 693
542 1930
542 1271
1271 1930
692 1930
692 1271
692 693
693 1930
333 981
693 981
693 1201
981 1201
983 1201
1948 1950
984 1948
1585 1948
1585 1586
199 1586
199 1733
199 1515
1515 1733
1221 1733
1733 1760
1221 1760
1733 2035
1760 2035
1759 1760
876 1875
876 1759
490 876
243 244
181 243
181 244
241 244
181 241
240 241
181 1393
242 1393
182 1393
181 182
509 584
11 584
11 509
10 509
10 11
584 1603
11 1603
31 1603
1603 1748
31 1748
31 1981
1748 1981
31 32
31 508
32 508
13 508
13 32
1121 1122
508 1121
508 1122
397 1121
397 398
398 1121
398 1122
504 1122
504 776
776 1122
776 2089
1122 2089
2089 2173
1122 2173
1188 2173
455 2173
455 1188
1122 1188
398 2031
398 1188
1188 2031
397 1029
398 1029
8 1029
8 9
8 397
400 951
400 979
951 979
951 955
434 955
434 951
433 951
433 434
400 1390
951 1390
6 1390
6 9
9 1390
15 1390
6 15
958 1390
15 958
14 958
14 15
953 963
14 963
14 953
16 963
14 16
17 963
17 953
953 956
957 1503
956 1503
952 1503
952 956
953 958
952 958
952 953
952 960
960 1503
34 1582
34 957
957 1582
1582 1721
957 1721
1582 1675
1281 1582
1281 1675
33 1675
33 1582
917 1675
33 917
205 1373
205 206
206 1373
1730 1841
1332 1841
973 1332
249 261
249 959
959 1427
249 1427
535 1427
535 959
522 535
522 959
524 535
522 524
959 1024
522 1024
523 524
523 535
523 531
531 535
249 1015
249 535
535 1015
528 1012
649 1012
528 649
649 1611
1611 1692
1692 2161
813 2161
813 1692
813 863
863 1692
380 863
380 813
380 849
380 850
849 850
1284 1448
850 1448
850 1284
146 1952
146 1448
1448 1952
1283 1952
1283 1448
657 1448
657 1283
388 1282
1199 1282
388 1199
657 1282
1282 1283
139 1282
139 1283
139 1952
146 1183
1183 1952
105 1183
105 1952
1143 1183
146 1143
146 849
146 749
749 849
587 749
587 849
586 849
586 1655
849 1655
380 1655
586 589
589 1655
586 587
587 588
586 588
588 1362
586 1362
1361 1362
586 1361
586 590
1362 1643
1361 1643
1362 1367
1367 1643
465 1367
1367 1604
465 1604
1367 1526
465 1526
330 1526
330 465
178 465
178 330
1366 1604
465 1366
101 1366
101 465
101 178
101 125
125 1366
1359 1366
125 1359
125 126
124 126
124 125
124 127
126 127
126 765
126 593
593 765
107 127
107 126
107 121
121 126
101 121
101 107
121 489
101 489
100 101
100 107
100 124
107 124
100 125
178 489
330 578
578 1526
1526 1596
578 1596
1596 1852
554 1596
554 1852
1213 1852
1213 1596
1386 1596
1386 1526
1526 1643
1526 2014
1643 2014
1386 2014
837 1213
1213 1387
1213 1214
1613 1852
1213 1613
1214 1613
594 1613
591 594
591 1992
553 594
553 591
553 592
553 1456
552 553
552 1456
1456 1535
552 1535
592 1454
1454 2123
553 1454
445 1454
445 1453
1453 1454
1334 1452
1452 1453
985 1334
985 1452
986 2187
985 2187
1334 2187
985 2032
2032 2186
2032 2170
2170 2186
2033 2186
372 1457
1457 2034
372 1254
1254 1310
1254 1352
1310 1352
873 1352
873 1254
614 873
873 1141
372 1407
1254 1407
873 1407
873 1140
1140 1141
1353 1660
1353 1661
1660 1661
1128 1660
1128 1353
1140 1353
1128 1140
1140 1147
1141 1147
1134 1147
1134 1140
1125 1147
1112 1125
1112 1147
1123 1125
1112 1123
1110 1123
1123 1124
1110 1124
1124 1125
164 1124
163 1124
163 164
81 1124
81 163
122 163
81 122
81 82
82 122
122 1897
122 1898
1897 1898
163 1897
1851 1897
163 1851
164 1851
164 659
153 659
1113 1529
1529 2115
157 1529
157 2115
1313 2115
157 1313
1229 1654
1229 1313
1313 1654
1228 1653
1228 1654
1653 1654
1466 1653
1228 1466
1466 1700
1228 1700
1228 1707
1700 1707
1699 1700
1699 1707
1002 1706
1706 1707
1002 1707
287 1707
287 1002
287 1709
1707 1709
287 1370
1002 1370
1369 1370
1370 1723
1369 1723
1723 2098
1369 2098
1369 2082
334 1168
334 2002
334 335
335 2002
1168 2002
256 335
256 334
1054 2002
335 1054
913 1054
335 913
335 514
514 913
887 1054
887 2002
1167 2002
1054 1055
913 998
997 998
913 997
913 1055
992 997
992 1337
992 1044
467 1249
467 480
480 1249
467 1044
467 1126
467 1127
1126 1127
456 1899
456 1126
1126 1899
456 467
456 460
460 467
464 1119
456 464
456 1119
1119 1328
456 1328
456 1127
1127 1328
1127 1899
1119 1127
1119 1126
470 1126
470 1119
470 1328
1328 1335
470 1335
992 1329
992 1335
1329 1335
289 470
289 1335
468 470
464 468
464 470
456 468
461 462
456 462
456 461
461 468
461 469
462 469
469 481
462 481
453 2184
466 2184
453 466
462 466
453 462
462 471
453 471
471 481
460 462
460 468
460 461
460 466
461 466
461 472
469 472
469 2184
466 469
459 469
459 481
459 2184
481 2184
459 2177
2177 2184
453 481
453 2177
481 2177
471 2177
453 459
453 469
469 2177
459 471
467 472
466 472
466 467
468 472
468 469
302 468
302 469
302 466
302 467
290 482
302 482
290 302
290 1554
449 1554
290 449
290 451
451 482
482 1554
449 482
449 452
452 482
480 1631
480 1630
1630 1631
1249 1631
1630 2097
1631 2097
905 1631
1828 1985
905 1985
905 1828
24 1985
24 1291
21 1291
1291 1292
1291 1471
1290 1470
1290 1471
1470 1471
1260 1470
701 1260
701 1470
800 1260
701 800
701 1256
1256 1290
701 1290
1290 1907
1256 1907
1372 1378
1377 1378
297 1378
297 1377
1001 1378
297 1001
293 296
49 296
49 50
50 296
296 648
50 648
48 648
45 648
45 48
648 969
45 969
43 250
42 43
42 250
250 969
42 969
59 1542
59 250
250 1542
969 2130
250 2130
2100 2130
648 2130
648 2100
648 1001
1001 2100
1576 2100
1576 2130
264 2130
250 264
251 264
264 1844
251 1844
251 1843
1843 1844
1542 1843
251 1542
60 67
60 1319
67 1319
63 1564
63 1319
1319 1564
195 1564
63 195
195 1278
195 1750
1278 1750
1749 1750
1391 1750
1391 1749
1749 2208
1480 1749
75 2208
75 2302
75 2357
2357 2386
2208 2357
1244 1391
1244 1530
828 994
994 1988
828 1988
994 2085
994 1949
133 1949
133 994
133 689
548 994
133 548
134 1132
135 1132
134 135
1132 1133
135 1133
757 1132
756 757
756 1928
757 1928
755 1928
755 756
599 755
599 1522
1522 2060
599 2060
1722 2060
1339 1722
1339 2003
1339 2060
2003 2060
1801 2003
1073 2003
420 1450
420 1108
1108 1450
148 1108
148 1955
1108 1374
148 1374
147 1374
1374 1474
147 1474
1473 1474
1473 1488
1474 1488
990 1583
872 990
872 1583
871 1583
990 991
989 991
934 1829
536 1045
536 918
918 1045
1045 1161
1045 1429
1161 1429
635 1429
635 1161
564 939
536 939
536 564
935 939
536 1161
635 1160
1160 1161
635 636
636 1160
1160 1178
835 1160
835 1178
1177 1178
1178 1475
1177 1475
1177 1179
1177 1476
1179 1476
930 1177
930 1476
1178 1179
1174 1179
1174 1178
847 1174
847 2057
1174 2057
1120 2057
337 1565
1326 1565
337 338
338 630
332 630
332 338
338 2057
630 2057
338 941
338 1120
630 2062
630 632
632 2062
631 632
631 2062
631 1038
1038 2062
332 2162
630 2162
332 1040
1040 2162
435 1040
332 435
435 1513
332 1513
542 1513
336 542
336 1271
336 1431
1271 1431
539 1056
1056 1614
539 1614
539 1226
1226 1614
539 868
868 1226
539 1431
1056 1431
539 1271
993 1271
539 993
868 993
692 993
693 938
692 938
938 1201
583 938
938 944
583 944
583 943
583 920
920 943
920 945
920 922
922 945
922 1904
945 1904
943 945
583 1201
943 1201
1201 1887
943 1887
945 1887
1585 1887
1201 1585
1201 1948
983 1948
1586 1887
1887 1904
1586 1904
1904 1961
1586 1961
199 1961
200 1961
199 200
200 1515
200 1514
1514 1515
1515 1559
1514 1559
1515 2035
1000 1760
1000 2035
1059 1760
1000 1059
1000 1889
1000 1309
1309 1889
1059 1759
876 1059
876 878
878 1059
327 876
243 327
243 876
182 327
182 243
182 328
327 328
182 584
328 584
584 1393
328 1603
328 1748
504 508
31 504
504 1981
448 2089
448 2173
1420 2173
448 1420
455 1420
455 966
966 1420
455 1732
1188 1732
1188 1668
1668 2031
398 979
979 2031
398 400
951 1668
979 1668
955 1668
434 954
954 955
278 434
278 433
278 1279
433 1279
433 958
433 1390
957 960
960 1721
960 1720
1720 1721
1581 1720
1581 1721
1581 1582
1506 1582
1506 1581
1281 1506
1506 1720
1281 1720
1279 1280
1280 1720
1279 1720
180 1281
180 1675
180 917
917 1940
1373 1940
500 1940
500 1373
205 500
500 501
205 501
842 1729
205 1729
205 842
205 1730
1729 1730
1729 1841
1458 1729
1458 1841
1458 1839
1458 1885
1839 1885
1885 1926
1839 1926
1689 1839
1689 1926
1458 1725
1725 1839
1725 1841
1332 1725
970 1332
970 1725
970 973
261 970
248 249
248 261
248 959
248 1508
959 1508
159 257
257 1688
159 1688
159 1508
257 1508
962 1508
962 1680
1508 1680
959 1680
1024 1680
1025 1680
1024 1025
1023 1024
1023 1043
1024 1043
530 1043
1043 1200
530 1200
530 1024
522 530
530 1293
522 1293
639 1293
522 639
524 639
524 2053
639 2053
523 703
523 529
529 703
703 889
889 2041
703 2041
889 1692
1692 2041
649 1692
649 2041
523 2041
531 533
523 533
531 1012
535 1012
1012 1015
863 889
889 1284
863 1284
850 863
657 1284
647 1199
657 1199
647 657
657 889
657 703
647 703
703 704
647 704
386 647
386 387
387 647
387 1199
387 388
388 1118
1118 1282
142 1282
912 1282
142 912
912 1118
138 139
139 140
138 140
140 1282
140 142
105 139
104 139
104 105
104 138
104 120
120 138
138 143
120 143
108 143
108 120
108 142
142 143
104 108
105 108
146 745
745 1143
745 749
749 1182
587 1182
588 1182
1366 1528
1359 1528
740 1359
740 1528
1182 1528
740 1182
740 741
741 1359
126 1359
593 1359
593 1703
765 1703
593 2045
593 2043
2043 2045
1703 2045
766 1703
765 766
121 765
121 760
489 760
760 1049
489 1049
345 577
330 577
330 345
178 345
1181 1596
578 1181
574 575
574 1181
575 1181
575 1234
575 1605
1234 1605
1234 1478
1428 1478
1234 1428
554 1181
574 1428
1181 1428
554 1428
552 1852
552 554
552 1613
553 1613
1479 1535
552 1479
1415 1479
1415 1535
1415 1536
1535 1536
351 1415
351 1536
1456 1536
445 1456
445 553
1457 2170
445 2170
445 1457
445 2032
372 607
607 1457
606 1407
372 606
606 607
544 545
545 606
544 606
545 1407
1353 1407
873 1353
1407 1661
2126 2169
1661 2169
1661 2126
605 2169
605 1660
1660 2169
262 1660
262 605
1185 1364
1364 2126
1185 2126
1185 2083
1185 1761
1761 2083
1184 1185
1184 2083
2083 2120
1184 2120
1184 2072
1185 2072
686 2072
686 1185
686 1364
604 1364
604 605
605 1364
605 1903
262 1903
263 738
262 738
262 263
738 1662
262 1662
1662 1896
1660 1896
1660 1662
1128 1896
1134 1896
1128 1134
1896 1958
1134 1958
1125 1134
93 1125
93 1134
93 99
99 1134
92 99
92 93
93 1124
81 93
81 92
82 92
82 102
102 117
82 117
117 122
116 122
116 1898
116 117
116 2065
1898 2065
1483 1924
1897 1924
1483 1897
1483 2005
1924 2005
1851 1924
659 1851
659 1113
659 1529
659 1704
1529 1704
154 1529
154 1704
157 1654
154 157
154 1654
1469 1654
154 1469
1467 1468
1467 1469
1468 1469
1469 1653
1465 1466
1465 1653
1465 1467
1465 1469
348 1467
348 1465
668 1465
668 1652
1465 1652
1652 1871
1465 1871
1466 1871
1700 1871
857 1700
857 1871
39 857
857 1652
39 1652
857 1620
39 1620
857 1699
1620 1699
1620 1709
1699 1709
287 1723
1664 1723
287 1664
1664 2098
334 1664
256 1664
258 1537
517 1537
258 517
258 259
259 517
259 514
514 517
259 335
258 335
256 258
258 561
256 561
561 1537
520 913
514 520
520 998
1044 1329
1044 1127
1127 1335
1127 1329
289 992
289 468
290 468
289 290
1555 1629
289 1629
289 1555
1555 2080
1629 2080
476 1629
1629 1630
476 1630
476 480
475 1630
475 2097
291 1747
1746 1747
291 1746
1746 1911
291 1911
150 1747
150 1746
859 1746
150 859
454 491
491 2081
454 2081
491 2097
2081 2097
1716 2097
491 1716
1631 1716
1631 1828
1716 1828
1291 1985
1291 1470
498 1290
839 1291
839 1470
839 1260
982 1509
1509 1563
982 1563
717 1576
1563 1576
717 1563
982 1942
982 1576
1576 1942
1378 1576
1378 1942
801 1942
801 982
800 801
801 1260
800 1256
1129 1256
800 1942
1256 1942
1129 1942
1372 1942
1001 1576
296 1001
293 1001
801 1509
1260 1509
1568 1576
1568 2130
264 1568
266 1568
264 266
266 705
265 266
265 705
266 716
705 716
266 1844
716 1844
418 1844
418 1843
418 716
418 1316
1316 1843
1319 1843
1319 1542
60 1542
1318 1564
1318 1319
1316 1319
1316 1318
1317 1318
1244 1317
1244 1318
712 1244
712 1317
713 1244
713 1530
1014 1530
713 1014
828 1014
828 1530
1014 1342
828 1342
828 1430
994 1430
548 1430
133 209
132 209
132 133
209 548
131 132
134 1053
132 134
132 1053
135 1053
209 1053
209 210
210 1053
1052 2166
151 2166
151 1052
812 2166
812 1052
1908 1910
812 1908
812 1910
720 1908
720 812
720 2166
723 1908
720 723
720 722
151 722
151 720
1052 1133
151 1133
722 1133
721 722
720 721
722 1812
721 1812
721 1021
1021 1812
135 1052
757 1133
367 757
367 1928
366 755
366 1928
366 1853
755 1853
658 755
658 1853
227 1900
1853 1900
227 1853
658 1900
599 658
658 1523
599 1523
1522 1523
1801 2060
664 1450
664 1449
1449 1450
420 1449
1057 1108
420 1057
1474 1612
1374 1612
1488 1612
1155 1488
1155 1473
1409 1583
871 1409
1583 1778
1075 1583
1075 1778
364 1778
364 1075
1754 1778
364 1754
991 1583
991 1778
1830 2094
991 1830
991 2094
939 1830
934 939
934 1830
1829 1830
918 939
916 918
918 2094
916 2094
939 2094
1429 1976
918 1429
918 1976
918 919
919 1976
1187 1429
1187 1472
1429 1472
641 1187
641 1429
641 1976
919 1590
1590 1976
309 919
919 1791
309 1791
309 1590
641 1590
737 1472
1472 1618
737 1618
636 737
636 1472
737 1160
835 1618
737 835
835 1166
1166 1618
1166 1589
1589 1618
1463 1618
1463 1589
1463 1775
1618 1775
495 580
494 495
494 580
494 1697
573 1697
494 573
570 601
570 609
601 609
573 609
573 1463
609 1463
570 573
573 1589
1589 1697
1166 1697
835 1697
835 1475
1180 1475
1177 1180
1475 1864
1180 1864
1176 1177
1176 1180
930 1176
1170 1176
930 1170
931 1170
930 931
931 1476
1174 1476
931 1174
847 931
632 2057
632 633
631 633
631 1036
633 1036
1036 1038
1036 1037
1037 1038
447 1036
447 1037
232 1036
232 447
447 2133
1037 2133
2047 2133
1037 2047
1038 2047
2062 2063
1038 2063
273 2063
273 1038
627 2047
627 1038
899 999
899 2039
999 2039
273 898
273 999
898 999
627 999
627 899
627 2039
999 1038
2062 2162
2063 2162
881 2063
881 2162
881 1040
1039 1040
435 1039
435 1042
1042 1513
1042 2069
1513 2069
542 2069
336 2069
1146 2069
336 1146
336 1562
1431 1562
750 1056
750 1431
750 1614
750 1490
1490 1614
1198 1490
1198 1614
1198 1226
1226 1495
1226 1233
1233 1495
868 1495
868 2151
1495 2151
868 869
824 869
824 868
824 993
938 993
944 993
663 1601
663 922
922 1601
663 1245
1245 1601
392 1883
392 1550
1550 1883
1883 1918
1111 1883
1111 1918
1641 1918
392 1641
392 1918
1601 1641
392 1601
1245 1641
1619 1641
1245 1619
1398 1619
1399 1619
1398 1399
1705 1727
1051 1705
1051 1727
525 1705
525 1051
1399 1727
1051 1399
1050 1399
1050 1051
1311 1505
1311 1486
1486 1505
603 1486
603 1311
603 1889
603 2144
1889 2144
603 628
628 1486
628 1485
1485 1486
425 628
425 1485
1050 1486
1050 1505
425 1486
425 1050
628 1050
1309 1398
628 1398
628 1309
603 1309
1000 2144
1000 1264
1264 2144
1059 1264
877 1264
877 1059
877 878
877 1745
877 1392
1392 1745
877 1748
1745 1748
327 1748
327 877
327 878
1748 1842
1842 1981
503 1981
503 1842
1745 1842
344 1745
344 1842
344 1929
1842 1929
1013 1625
1013 1929
1625 1929
1626 1929
1625 1626
448 1626
448 1625
1625 2089
776 1625
503 1625
503 776
503 1013
503 504
1420 1626
507 1626
507 1420
329 507
329 1420
329 739
507 739
343 1257
739 1257
343 739
1272 1913
329 1913
329 1272
329 1273
739 1273
1272 1273
1273 1627
739 1627
1257 1627
343 507
344 507
343 344
507 1929
343 1745
317 1745
317 343
317 1257
317 864
864 1257
864 1627
1627 1787
1627 2055
1787 2055
1787 2163
1787 2148
2148 2163
1273 1787
1273 1820
1272 1820
1272 1819
267 1819
267 1272
267 1913
1420 1913
966 1913
966 1732
1668 1732
1669 1732
1668 1669
1381 1578
1381 1732
1578 1732
1381 1669
1381 2091
1669 2091
955 1669
955 2091
358 2091
2010 2091
358 2010
358 954
358 608
608 954
277 608
277 954
246 277
246 915
277 915
246 500
500 915
500 1280
915 1280
1280 1940
278 915
277 278
278 954
954 2091
278 1280
958 1279
958 1720
958 960
180 1720
180 1280
180 1940
501 1792
501 513
513 1792
842 1792
501 842
238 1792
238 842
238 2029
842 2029
238 1645
655 1645
238 655
238 1243
1243 2029
1243 1728
1728 2029
1008 1458
1458 1728
1008 1728
1728 1729
1729 2029
362 1008
362 1458
362 363
363 1008
870 1728
870 1008
1008 1243
1243 1960
1008 1960
196 1008
196 1960
197 1960
1597 1960
197 1597
196 197
196 1683
196 1322
1322 1683
1008 1683
1683 1838
1008 1838
361 1008
361 1838
350 363
350 1008
349 350
350 361
349 361
349 1684
350 1684
363 1442
362 1442
362 1441
1441 1442
1297 1442
1297 1441
362 1885
1441 1885
1885 2093
1441 2093
1926 2093
970 1839
1839 1857
970 1857
248 1857
248 970
257 1857
248 257
171 1688
159 171
1688 1689
171 1689
168 171
159 168
159 962
1023 1025
1200 1927
530 1927
1293 1927
529 2053
429 529
429 2053
429 524
429 523
529 704
386 396
386 704
396 704
387 389
388 389
384 389
389 390
384 390
385 389
384 385
385 1451
389 1451
389 1403
1403 1451
519 1406
255 1406
255 519
255 521
519 521
519 596
596 1400
519 1400
254 521
254 519
254 596
595 596
311 595
311 596
596 769
596 1098
769 1098
1094 1098
473 1094
473 1098
1094 1532
473 1532
926 1098
473 926
473 596
474 596
473 474
596 2006
474 2006
1396 1403
1396 1451
1368 1396
1091 1396
1091 1368
1935 1936
1368 1936
1368 1935
314 1396
314 1935
1396 1935
311 314
311 1935
310 314
310 311
311 2158
1935 2158
1936 2158
1091 2158
1091 1936
216 1091
216 1936
474 1368
474 1936
311 474
474 2158
216 2158
216 441
441 2158
441 1091
441 1368
441 1935
441 1396
216 474
216 1396
769 926
521 596
521 1400
311 521
521 595
254 595
595 2143
254 2143
254 1406
1406 2143
254 1402
1402 1406
1404 1406
1404 2143
1404 2178
1406 2178
1402 1404
1402 2143
1402 1403
1403 1404
310 2143
1403 2143
310 1403
310 1402
1403 1406
1403 2178
2143 2178
311 1403
255 384
255 310
310 384
314 384
314 385
255 1405
384 1405
390 1405
390 391
391 1405
391 911
911 1397
391 1397
897 910
897 911
910 911
910 1204
897 1204
897 2067
896 2067
896 897
896 1346
896 1923
1346 1923
1341 1346
896 1341
893 1440
893 911
911 1440
911 1401
893 1401
1341 1440
1341 2048
1440 2048
1397 1401
1397 1405
255 1402
254 255
255 596
596 1406
596 2178
2125 2178
596 2125
595 2125
595 2006
2006 2125
1396 2125
1396 2006
1403 2125
474 1396
311 926
311 1532
926 1532
926 1094
769 1094
521 769
521 1094
521 1098
1098 1532
521 1532
596 1532
311 473
311 2006
311 2143
2006 2143
311 2125
2125 2143
1300 1408
1300 1400
1400 1408
1400 1405
1405 1408
1299 1408
1299 1300
519 1299
1299 1400
519 1408
519 1405
734 1405
519 734
543 1117
734 1117
543 734
519 1117
389 1117
389 519
389 1118
1117 1118
912 1117
895 912
912 1715
895 1715
1715 2092
1232 2092
1232 1715
1117 1715
892 1117
892 1715
893 1117
892 893
598 892
598 2047
892 2047
2047 2092
892 2092
894 1232
438 1232
438 894
894 1715
894 895
894 1061
438 1061
438 439
439 1061
909 1061
895 909
895 1061
440 895
440 912
440 909
440 1194
142 1194
142 440
909 1194
909 1493
1061 1493
324 1493
324 1061
324 439
324 1925
1493 1925
1194 1493
557 1493
557 1194
502 1194
502 557
557 1917
502 1917
742 1917
742 1143
1143 1917
1183 1917
742 745
629 740
740 745
629 745
629 741
745 1182
1107 1182
588 1107
1107 1362
1107 1528
1528 1604
1107 1604
1107 1367
741 1461
1359 1461
593 1461
1461 2043
2044 2045
2043 2044
820 2044
820 1713
1713 2044
1713 2045
1703 1713
1702 1703
766 1702
1702 1713
819 1713
819 1702
1062 1702
819 1062
819 1180
1180 1225
819 1225
1180 1779
1176 1779
820 1779
820 1544
1544 1779
1176 1544
931 2111
847 2111
632 847
633 847
499 633
232 499
232 633
834 2133
834 2092
2092 2133
597 627
597 2039
1943 2039
881 1943
881 2039
1943 2101
881 2101
273 881
273 1822
881 1822
898 1822
881 898
898 2039
1040 1041
1039 1041
1039 1042
1041 1042
1042 1146
750 2046
750 1186
1186 2046
1490 2046
1934 2046
1490 1934
369 1198
369 1226
369 691
691 1226
1226 1756
1233 1756
1217 1756
1217 1233
1217 1497
1217 1757
1497 1757
684 853
684 855
853 855
855 1233
684 1233
422 684
170 422
170 684
684 2151
1233 2151
170 2151
170 1233
170 1495
867 1494
1230 1494
867 1230
825 867
825 1494
825 1525
1494 1525
854 866
825 854
825 866
866 867
824 866
824 867
867 993
867 944
944 1230
891 1230
891 944
583 891
891 920
891 921
920 921
921 922
921 1550
922 1550
921 1548
1548 1550
1548 1883
890 1883
890 1548
1210 1261
890 1261
890 1210
1111 1836
1111 1832
1832 1836
1836 1918
160 1836
160 1918
316 1619
316 1641
316 1130
1130 1619
1130 1727
1619 1727
525 1410
1410 2021
525 2021
1089 2021
525 1089
1051 1087
525 1087
1087 1850
1051 1850
1087 1093
1093 1850
1051 1505
1051 1507
1505 1507
1379 1505
1379 1507
425 1379
425 1051
1051 1379
425 426
426 1379
425 1507
426 1485
426 1507
1485 1507
1486 1507
1081 1311
603 1081
1081 2144
1421 2144
1264 1421
1392 1421
1264 1392
317 1392
317 1421
1139 1421
317 1139
2055 2148
1794 2148
1794 2163
1308 2163
1308 1794
1308 1820
1787 1820
1308 1787
1819 1820
966 1578
1381 1913
1913 1915
1381 1915
1915 2091
1915 2010
358 1916
1755 1916
358 1755
1916 2010
1914 2010
1914 1916
1913 1914
1914 1915
267 1914
966 1381
1266 1914
1266 1916
656 1266
656 1916
608 1755
277 1755
277 1645
1645 1755
277 513
246 513
246 501
513 1645
1645 1792
655 1755
655 1243
1771 1960
1960 1964
1771 1964
1243 1964
870 1243
1597 1771
1597 1598
1598 1771
1771 2064
1598 2064
1308 2064
1308 1598
1820 2064
1150 1820
1150 1819
267 1150
267 1266
656 1755
655 656
655 1964
656 1964
1267 1964
656 1267
1267 1771
1150 1771
1150 2064
1150 1267
1266 1267
1150 1266
1082 1308
1082 1598
1598 2132
1597 2132
1994 2132
1597 1994
1082 2132
1082 1095
1095 2132
197 1994
197 1650
197 1649
1649 1650
196 1650
777 1650
196 777
1442 1650
777 1442
350 1442
350 777
777 778
350 778
778 1682
350 1682
1682 1684
1682 1837
1100 1837
1100 1682
196 778
778 1320
196 1320
1320 1322
1512 1683
1100 1683
1100 1512
1512 1834
1683 1834
1834 1838
961 1834
961 1838
361 1834
361 961
349 1834
349 1837
349 1682
421 1837
349 421
1320 1584
778 1584
1321 1584
1320 1321
1142 1321
1321 1323
1142 1323
1142 1834
1142 1837
1834 1837
421 1834
1321 1834
1321 1512
1322 1512
1321 1322
1100 1322
778 1322
778 1100
1322 1682
1682 1683
1100 1142
1099 1142
1099 1100
1100 1674
1100 1323
1323 1674
1100 1673
1673 1674
778 1673
1321 2176
1674 2176
1321 1674
1674 2175
1673 2175
1584 1673
1584 2176
1673 2176
1321 2175
1584 2175
778 2175
778 1321
1321 1673
2175 2176
778 2176
1099 1323
361 1684
961 1684
1684 1838
349 961
961 1682
1682 1838
1442 1649
1649 1994
1442 1768
1649 1768
1297 1768
1297 1298
1298 1441
1242 1298
1296 1298
1242 1296
1296 1439
1242 1439
1207 1242
602 1207
602 1242
602 626
626 1242
626 1298
626 1441
626 840
840 1441
840 2093
171 840
171 2093
171 1926
1689 1857
1688 1857
239 245
171 239
171 245
191 239
191 231
231 239
191 202
202 231
149 202
149 168
168 202
141 149
141 168
141 159
141 962
821 962
821 1025
962 1025
624 821
624 1025
610 624
610 1025
610 1781
1195 1781
610 1195
1023 1195
610 1023
1195 1259
253 1195
253 1259
719 1195
719 980
980 1195
681 1023
980 1023
681 980
230 681
230 1023
230 1043
229 1043
229 230
229 540
540 1043
285 540
540 681
285 681
286 681
286 980
676 980
253 980
253 676
286 676
253 342
252 253
252 342
252 719
342 719
719 1432
342 1432
676 1432
342 676
285 675
285 682
675 682
675 676
285 676
285 1432
285 1043
1043 1432
1200 1432
1259 1432
1200 1259
1259 1927
370 1293
370 1927
2053 2096
639 2096
646 2053
646 2096
529 646
646 704
396 646
390 396
386 390
387 390
390 646
391 646
1204 2096
910 2096
1204 2067
1923 1934
1346 1934
1346 1975
1975 2051
1346 2051
2050 2051
2048 2050
2048 2051
1341 2051
597 1943
1884 2048
1884 2101
2048 2101
1943 2048
597 2048
1884 2050
1884 2124
2050 2124
1146 2124
1146 1884
1041 2101
881 1041
1042 2101
1146 2101
1146 1562
1562 2124
1599 2116
1599 2050
2050 2116
1599 2124
1562 1599
1431 1599
750 1599
1975 2046
1934 1975
1196 1934
1196 1490
1196 1923
618 1923
618 1196
1196 1198
369 1196
370 1196
369 370
691 1227
1226 1227
1227 1756
747 1227
747 1756
747 1757
1756 1757
1757 2165
1756 2165
1333 2165
1333 1756
1007 1333
1007 1756
747 1007
747 2165
1007 2165
1227 1333
747 1333
1007 1227
1007 1757
1007 1217
1233 1497
747 1497
691 747
691 1497
1497 1579
691 1579
988 1579
691 988
369 988
370 1285
368 1285
368 370
617 619
619 1293
617 1293
619 1204
1204 1293
639 1204
646 910
391 910
619 2067
618 619
618 2067
618 2066
2066 2067
1923 2066
370 618
368 369
617 618
370 617
1923 2067
1285 1927
419 1927
419 1285
419 1259
719 1259
719 1878
1259 1878
419 1878
419 1781
1781 1878
1285 1781
610 1285
368 610
369 610
369 624
624 988
826 1579
527 826
527 1579
1496 1579
1496 1497
1494 1496
1230 1496
752 1496
752 1230
752 891
751 891
751 921
167 890
167 1548
166 622
622 1211
166 1211
1210 1211
166 1210
1111 1210
1111 1261
1111 1211
1211 1545
1111 1545
1111 1966
1545 1966
1208 1832
1832 1966
1208 1966
160 1832
160 1641
160 161
161 1832
161 1208
161 316
160 316
1130 1705
1130 1410
1410 1705
1089 2103
2021 2103
1089 1095
1089 2132
1083 1089
1083 1095
1087 1089
1083 1085
1085 1089
1085 1087
1087 1088
1086 1087
1086 1088
1084 1086
1084 1088
1082 1794
483 1794
483 1082
483 1081
1081 1794
1081 1138
1138 1794
424 1081
424 1311
424 483
483 1088
424 1088
424 1093
1088 1093
423 1850
424 1850
423 424
424 1051
423 1051
424 1379
1311 1379
1138 2144
1138 1421
1139 2148
1138 1139
1138 2148
864 1139
864 2055
1139 2055
1082 1083
483 1083
483 484
484 1083
484 1090
1083 1090
1086 1090
484 1086
1085 1090
1084 1090
1087 1090
1084 1087
1084 1085
483 1084
483 1087
484 1085
483 1085
484 1084
1089 1768
1768 2132
1768 1994
1297 1962
1768 1962
1089 1962
1962 2103
1298 1962
1296 1962
1296 2103
1439 2103
428 1439
428 1207
1207 1439
602 1736
1207 1736
840 1737
626 1737
626 1736
1736 1737
942 1736
942 1737
260 1737
260 840
245 840
245 260
239 260
144 239
144 191
144 202
144 149
141 144
141 184
184 962
144 184
624 625
625 988
987 1579
826 987
987 988
527 621
621 826
527 1496
751 752
751 1548
167 751
167 752
167 526
526 752
166 167
166 526
622 827
166 827
621 1211
621 622
621 2117
1211 2117
1545 2117
1939 1966
1966 2020
1939 2020
1208 1939
161 169
169 316
169 1130
169 1410
1410 1939
169 1939
1410 2020
2020 2021
428 2020
428 2021
428 2103
428 1545
1545 1587
428 1587
428 1880
1587 1880
1207 1880
1880 2084
1718 1880
1718 2084
942 2084
1736 2084
144 822
144 942
822 942
184 822
822 2084
822 1718
822 2137
1718 2137
625 821
821 822
625 822
625 1286
988 1286
987 1286
620 987
620 826
620 621
620 1698
621 1698
1698 2117
1587 2117
1587 1717
1717 2117
1717 1718
1587 1718
1736 1880
625 2137
1678 2137
1286 1678
1286 2137
1678 1718
620 1678
620 1286
620 1718
1698 1718
1698 1717
184 821
144 1737
144 260
1545 2020
169 1208
621 827
527 827
527 752
526 527
526 827
166 890
1494 1495
170 1494
170 1497
422 1497
855 1497
422 855
695 853
695 855
852 855
695 852
852 853
684 852
422 852
824 854
853 854
824 853
852 854
695 854
854 1621
695 1621
853 1621
853 866
866 1621
824 825
170 1686
684 1686
869 1686
684 869
869 2151
825 869
869 2150
825 2150
696 2150
696 825
696 697
697 825
696 869
697 869
697 1686
825 1686
1525 1686
696 1686
696 1525
696 1494
1494 1686
1525 2150
869 1494
1494 2150
1495 1686
1686 2151
1494 1497
253 1781
253 1878
252 1878
1195 1432
253 719
691 1007
1975 2116
2046 2116
1186 2116
1186 1599
1975 2050
597 598
597 2047
892 2048
598 2048
892 1440
896 1440
896 911
834 1232
438 834
439 833
438 833
324 833
324 1665
1665 1925
557 1925
557 1665
1665 1811
557 1811
557 2042
1811 2042
1917 2042
2027 2042
1917 2027
742 2027
629 742
629 1622
741 1622
741 874
874 1461
874 1435
1435 1461
1436 1861
1435 1436
1435 1861
1435 1870
1861 1870
810 1435
810 1870
811 1870
811 1861
810 811
810 1861
1861 1919
1436 1919
1436 1481
1481 1544
1436 1544
1435 2043
1436 2043
1436 2044
1544 2044
819 820
820 1180
1481 1766
1544 1766
585 1176
585 1544
585 1239
1176 1239
1170 1239
931 1239
1239 2111
764 1239
764 2111
744 767
744 764
764 767
764 1566
767 1566
562 744
562 1644
744 1644
764 1644
1644 1770
764 1770
848 1666
846 1666
846 848
1665 1666
846 1665
845 846
845 848
845 1274
848 1274
1274 1770
848 1770
764 1274
1274 2111
847 1274
499 845
499 847
845 847
499 1190
232 1190
833 1190
833 834
834 1190
447 834
1190 2036
833 2036
324 2036
324 499
499 2036
499 846
324 846
537 2042
537 1811
537 2027
742 748
629 748
748 1622
875 1622
741 875
874 875
875 1567
874 1567
767 875
767 1567
874 1446
1446 1567
1446 1780
1573 1780
1446 1573
677 1446
677 1573
1096 1446
874 1096
1096 1435
810 1096
1096 1861
1096 1919
162 1919
162 811
811 1919
811 1434
811 2027
1434 2027
537 1434
537 538
538 1434
810 1434
1434 1919
136 1434
136 1919
810 1919
1870 1919
1769 1919
1436 1769
136 1481
136 1766
1544 1566
1566 1766
585 1566
585 764
1566 1567
744 748
340 748
340 744
340 562
562 1774
1644 1774
1770 1774
730 1774
730 1770
1666 1770
1666 1769
1481 1769
1481 1666
136 1769
538 1436
538 1481
538 1666
537 1666
1666 1811
136 1436
136 538
1436 1766
1766 1769
1769 1770
1766 1770
730 1766
730 1354
1354 1766
1767 1773
1766 1773
1766 1767
1566 1773
1567 1773
744 875
748 875
162 742
162 748
162 2027
162 1743
748 1743
340 1743
339 562
339 1774
339 677
677 1774
1767 1774
1773 1774
1354 1767
1354 1573
1573 1767
1767 1780
677 1767
677 1780
677 1773
1773 1780
1446 1773
340 677
339 340
677 1743
1446 1743
1096 1743
162 1096
162 929
929 1919
730 929
162 730
929 1354
1096 1354
1354 1919
1096 1573
730 1573
730 1096
677 730
730 1767
340 1567
562 1567
562 1773
339 1446
339 1773
340 1446
286 675
285 286
286 682
682 914
675 914
286 914
229 694
230 694
681 694
694 823
229 823
540 823
582 681
540 582
582 823
582 694
171 231
168 231
1261 1883
392 922
232 834
1225 1864
1219 1864
1219 1225
1062 1219
1062 1225
417 1219
417 1062
770 1062
770 1702
766 770
759 770
759 766
759 760
760 766
760 765
1557 1560
645 1557
645 1560
644 1560
644 645
644 1049
1049 1560
643 644
643 645
643 743
644 743
579 644
579 743
579 580
579 601
580 601
494 579
494 571
571 579
494 570
570 571
571 572
570 572
572 576
572 575
575 576
571 576
576 577
345 576
577 578
577 1181
576 1181
572 601
572 746
746 1605
572 1605
572 743
743 746
572 611
611 743
763 1478
1478 1605
763 1605
394 1417
393 394
393 1417
393 1419
279 393
279 1419
279 1793
1419 1793
1417 1419
1417 1422
394 1422
1422 1478
394 1478
1417 1479
1422 1479
1416 1479
1415 1416
352 1415
351 352
347 351
347 551
351 551
347 409
409 551
409 1866
190 409
190 1866
190 1974
1866 1974
1536 1963
1536 2127
1963 2127
1456 1963
351 2127
551 2127
886 1963
886 1456
883 886
882 886
882 883
445 883
883 1457
883 1456
607 883
607 882
882 885
607 885
885 1504
607 1504
606 1504
544 1504
544 1048
545 1048
1048 2126
545 2126
545 1661
1364 2169
1048 1185
1185 1691
1048 1691
437 1691
437 1185
437 1761
803 2083
803 1761
1500 2083
1500 1520
1520 2083
1520 2120
1752 1951
1184 1951
1184 1752
341 1184
341 1951
1753 1951
341 1753
1521 1753
341 1521
807 2073
1521 2073
807 1521
1482 2073
1482 1521
1521 1894
1482 1894
809 1894
809 1521
1846 1894
1482 1846
1527 1846
1527 1894
313 808
808 1527
313 1527
808 809
809 1527
341 2072
341 809
809 2072
809 1375
341 1375
1375 1521
604 1903
1425 1903
1238 1903
1238 1425
263 1903
738 1896
99 1958
109 115
109 114
114 115
115 117
115 116
85 116
85 1477
116 1477
1477 2065
1483 1685
1104 1685
1104 1483
1104 1656
1656 1685
1483 1484
1104 1484
1483 1807
1807 2005
659 1924
1704 1924
154 2049
154 1874
1874 2049
1704 1874
154 1468
1468 2049
348 1543
1465 1543
668 1543
1205 1304
1205 1652
1304 1652
88 89
89 1205
88 1205
87 89
87 88
88 90
87 90
18 87
18 89
89 1652
39 89
18 39
19 326
39 326
19 39
326 1620
326 1676
1620 1676
1620 1933
1676 1933
1677 1796
326 1796
326 1677
1712 1796
326 1712
1676 1712
1676 1711
1711 1933
1711 1712
1710 1711
1710 1712
729 1712
729 1710
1511 1711
1511 1933
1709 1933
804 1709
287 804
804 1933
634 1933
634 804
804 1664
804 805
805 1664
256 805
805 2145
256 2145
805 806
806 2145
561 2145
1537 2145
4 1537
4 2145
4 70
70 2145
2 70
2 4
2 68
68 70
69 70
68 69
69 71
68 71
69 72
71 72
2 20
20 68
20 71
54 71
20 54
2 54
3 54
2 3
3 4
3 1537
3 2078
1537 2078
1957 2078
1537 1957
517 1957
54 2078
520 997
992 1336
997 1336
520 1336
520 903
903 1336
289 1336
1336 1555
1336 1921
1555 1921
1921 2080
1921 2030
2030 2080
1630 2080
1556 2080
1556 1630
2080 2182
1556 2182
475 1556
475 2080
475 2182
2080 2097
2080 2081
2030 2081
454 2030
1911 2030
454 1911
291 2030
291 360
360 2030
291 783
360 783
360 784
783 784
779 783
779 784
511 783
291 511
512 1351
512 2146
1351 2146
1351 1695
512 1695
1695 1696
1571 1695
1571 1696
1351 1571
291 1694
291 1695
1694 1695
511 1695
511 512
1694 1747
1694 1845
1747 1845
859 1845
859 1747
1747 2147
859 2147
292 2147
292 859
1845 2147
292 1845
150 292
859 1637
1637 1746
1637 1911
491 1911
491 492
492 1716
1343 2140
492 2140
492 1343
492 1263
1263 2140
1263 1716
1263 1828
1263 2138
1828 2138
1985 2138
1840 2138
1840 1985
1291 1840
838 1840
838 2138
838 839
839 1840
838 1263
839 1263
1263 1946
839 1946
839 1509
1509 1946
1946 2140
715 2140
715 1946
715 1509
715 1563
714 1563
714 715
711 715
711 714
710 711
710 714
706 714
706 710
418 707
707 709
418 709
158 709
709 2018
158 2018
158 165
165 709
165 418
705 706
265 706
265 717
706 717
714 717
717 1568
266 717
705 710
710 716
418 710
707 710
165 1316
1316 1317
165 1317
165 712
712 713
713 1345
1014 1345
175 1014
175 1342
176 1714
1342 1714
176 1342
176 2146
1714 2146
828 1714
1430 1714
210 1714
210 1430
210 548
1052 1053
1052 2086
812 2086
1910 2086
1137 1910
1019 1910
1019 1137
1137 1908
723 1137
723 2026
1137 2026
1288 2026
723 1288
720 724
723 724
721 724
1021 2070
721 2070
1021 1823
1812 1823
1636 1812
1524 1812
1524 1636
1524 1823
1133 1636
757 1636
722 1636
1574 1636
757 1574
367 1574
366 367
225 367
225 1574
225 226
226 1574
227 228
225 227
225 228
212 225
212 228
227 1708
1708 1900
658 1708
1347 1523
658 1347
1522 1547
1523 1547
660 1547
660 1522
1522 1802
1802 2060
1801 1802
1450 1802
660 1802
660 1806
1802 1806
1788 1806
1788 1802
664 665
664 1788
665 1788
665 1004
1004 1788
773 1788
773 1004
773 1693
1004 1693
1004 1996
1004 1312
1312 1996
1488 1996
1612 1996
1235 2121
1235 1488
1488 2121
1488 2016
1235 2016
1155 2016
1409 2016
1155 1409
1583 1609
1409 1609
1075 1609
1075 1860
364 1860
1163 1860
364 1163
365 1754
365 1492
1492 1754
718 1778
718 1754
718 1492
1492 1983
1931 1983
1492 1931
1269 1492
1269 1931
718 1269
718 991
718 2094
2094 2095
916 2095
1690 2095
916 1690
919 1690
916 919
1690 1791
1295 1690
1295 1791
1791 2077
1295 2077
787 2077
787 1295
787 940
940 2077
940 1791
309 940
309 641
1148 1472
1148 1618
642 1472
642 1148
640 1472
640 642
642 1835
1148 1835
1602 2090
1618 2090
1602 1618
1775 2090
494 2181
494 2090
2090 2181
2179 2181
494 2179
1697 2179
1475 1697
1475 1835
1835 1864
1149 1835
1148 1149
1149 1602
1148 1602
1602 1849
1149 1849
2015 2179
1149 2015
1149 2179
1464 1602
1464 1849
1849 2015
1464 2015
1672 2015
1464 1672
1672 2179
1464 2179
1672 2090
2090 2179
1602 2179
1602 2015
1464 2181
495 1464
495 2181
1672 2181
495 1672
495 1775
494 1775
1672 1775
1602 1672
1602 1775
1463 1602
1463 1464
495 1463
1475 2179
1835 2179
642 1864
532 1219
532 1864
247 417
247 1062
247 1063
1062 1063
759 1560
759 1063
1063 1560
1275 1560
1063 1275
247 1216
1216 1275
247 1275
760 1560
770 1063
427 1560
427 1557
746 1216
746 1558
1216 1558
1216 1605
645 746
645 1558
1557 1558
643 746
601 611
579 611
580 609
762 1605
762 763
761 763
698 761
698 763
394 763
394 698
1189 1865
698 1865
698 1189
1251 1865
1189 1251
510 1865
510 698
395 510
395 698
394 395
393 395
393 651
395 651
1072 1145
652 1145
652 1072
1072 1144
1144 1145
1072 1980
352 1980
352 1072
651 652
393 652
279 1145
393 1145
279 280
280 1145
279 1805
280 1805
280 1144
1144 1805
1144 1418
1418 1805
1416 1418
1144 1416
1418 1793
1793 1805
1416 1419
1416 1417
352 1144
1144 1415
347 352
347 1980
347 1171
1171 1980
190 347
275 1974
190 275
1679 1974
371 1679
371 1974
371 374
374 1974
1724 1866
1724 1974
884 1724
884 1866
882 1866
882 884
551 1866
1866 1963
551 1963
886 1866
884 885
546 885
546 1504
546 884
544 546
546 1046
544 1046
544 1691
437 1499
1499 1691
437 803
383 1501
802 1501
383 802
802 2141
802 2142
2141 2142
2142 2153
2141 2153
1970 2153
1519 1970
1519 2153
1519 2141
2120 2141
802 2120
1500 2120
1518 2120
1500 1518
802 1500
802 2083
1499 1500
1499 1520
1518 1520
1518 1519
1518 2141
1184 2141
1184 1518
1519 1831
1502 1831
1502 1519
1501 1502
1501 1519
1499 1501
1499 1519
1500 1519
1501 2128
1499 2128
1520 1691
1175 1691
1175 1520
544 1175
1175 1518
1518 1752
1752 1991
1951 1991
1097 1951
1097 1753
1752 1753
1097 1752
1097 1991
1175 1752
1175 1753
1175 1521
544 807
807 1175
807 1046
1192 1765
192 1765
192 1192
1192 1193
192 1193
444 1192
1192 1789
444 1789
444 1765
1765 2134
1997 2134
1765 1997
1786 2134
1786 1997
1534 1997
1534 1765
1046 1997
807 1997
807 1978
1978 1997
808 1482
807 808
807 1482
809 2073
807 809
807 2072
808 2072
808 2073
313 404
313 1482
404 1482
404 807
403 807
403 404
1482 1527
313 2072
313 1977
1977 2072
686 1365
1364 1365
604 1365
1238 1365
604 1238
1238 1302
1302 1438
1238 1438
1425 1438
1218 1438
1437 1438
1218 1437
1218 1426
1426 1438
1425 1426
1424 2129
2114 2129
1424 2114
263 1424
263 2114
263 679
679 2114
679 738
736 1731
736 738
738 1731
1277 1731
936 1277
936 1731
736 936
1764 2038
736 2038
736 1764
1763 1879
1764 1879
1763 1764
699 1879
699 1764
1659 1764
699 1659
1659 1772
1764 1772
1772 2038
738 1772
736 1772
1772 1958
738 1958
106 1958
99 106
102 106
99 102
102 109
106 109
106 114
106 1965
114 1965
1901 1965
110 1901
110 1965
91 112
91 110
110 112
85 110
85 1965
85 114
114 116
2065 2136
1657 2136
1657 2065
1248 2136
1248 1657
1005 1248
1005 1657
901 1005
901 1657
446 901
446 1005
901 1740
1657 1740
1105 1740
1105 1657
1656 1657
1656 2065
1685 2065
1104 1657
1154 1484
1106 1484
1106 1154
1154 1483
155 1154
155 1483
155 1807
155 2005
156 2049
156 613
613 2049
613 1468
80 613
80 1468
80 1467
80 786
786 1467
348 786
785 786
348 785
668 815
815 1304
668 1304
815 978
978 1304
1065 1205
88 1065
774 1065
88 774
86 774
86 88
51 90
51 88
51 86
18 51
18 86
19 86
18 19
86 326
1615 1677
1615 1616
1616 1677
1616 1796
1687 1796
1616 1687
729 1687
729 1796
728 1687
728 729
728 1995
1687 1995
1355 1995
1355 1687
1241 1995
1241 1355
295 965
295 728
728 965
965 1995
728 1710
728 1575
1575 1710
1575 1711
1511 1575
634 1511
634 805
634 806
70 806
69 735
70 735
70 634
634 735
634 1572
735 1572
1511 1572
1572 1856
735 1856
1511 1856
1348 1856
735 1348
69 1348
72 1348
54 72
72 1016
54 1016
1016 2078
72 1157
1016 1157
1157 1348
1157 2112
1016 2112
1156 1157
1156 2112
2078 2112
1017 1957
1017 2078
903 1957
520 1957
517 520
903 904
904 1336
1336 1395
904 1395
1394 1395
1336 1394
904 1739
1395 1739
1268 1394
1268 1921
1394 1921
360 1921
359 1394
359 1268
359 360
360 1268
359 1287
359 463
463 1287
784 1287
359 784
753 783
511 753
753 779
708 753
708 754
753 754
754 1018
708 1018
511 754
512 754
1549 2146
512 1549
1549 1993
210 1993
210 1549
1019 1993
210 1019
1019 1022
1022 1993
1019 2086
1137 1882
836 1137
836 1882
708 1882
708 836
708 779
779 1882
1882 2026
798 799
799 1288
798 1288
799 1959
1288 1959
724 1959
724 1288
1021 1855
1823 1855
1574 1854
1636 1854
1635 1854
1635 1636
1524 1635
226 1854
226 1640
1640 1854
212 226
201 1640
201 226
201 1708
226 1708
123 201
123 1708
226 227
214 226
214 227
1580 1708
233 1708
233 1580
233 1824
1580 1824
658 1580
1347 1580
1347 2061
1347 1912
1912 2061
1523 2061
1547 2061
1804 1806
442 1804
442 1806
442 1788
442 773
773 1384
442 1384
1489 1693
773 1489
1004 1658
1658 1693
1312 1658
851 1658
851 1312
758 851
758 1312
758 1538
1312 1538
1538 2172
1312 2172
1312 2121
2121 2172
1996 2121
1592 2121
1235 1592
1592 2156
1235 2156
1235 1608
1608 2016
1609 2016
1608 1609
906 1608
906 1609
906 1075
1069 1075
1069 1860
1069 1163
906 1069
977 1069
906 977
1163 1777
364 1777
1776 1777
364 1776
364 365
365 1776
346 365
346 1776
346 900
365 900
900 1116
346 1116
346 2135
1116 2135
346 1809
1809 2135
346 1810
1809 1810
2135 2157
1809 2157
1116 2157
1809 2118
2118 2157
1423 2157
1423 2118
790 1116
790 2157
789 1116
789 790
789 900
789 1983
900 1983
900 1492
1821 1931
1269 1821
718 788
788 1060
718 1060
794 1060
788 794
792 796
794 796
792 794
787 796
796 1295
787 861
861 940
496 940
309 496
496 861
861 862
496 862
309 1971
496 1971
641 1971
640 1187
640 641
641 1164
640 1164
532 640
640 1219
532 642
1219 1220
417 1220
417 1216
417 1064
1064 1216
762 1216
427 1216
427 1275
427 1558
761 762
698 771
771 1189
1189 2119
1251 2119
1070 2119
1070 1251
1070 1252
1251 1252
1191 1865
1191 1251
1191 1252
726 1865
510 726
510 651
1191 1552
1171 1552
1171 1191
1252 1460
1191 1460
1070 1460
1071 1460
1070 1071
1071 1808
1460 1808
1460 1552
1552 1893
347 1893
347 1552
190 1893
274 1974
274 1679
374 1531
1531 1974
1531 1724
192 1724
192 1531
1462 1724
192 1462
884 1462
546 1534
1046 1534
1462 1765
1462 1534
192 1033
192 275
275 1033
275 377
377 1033
1033 1193
1789 1893
190 1789
190 1192
190 377
376 1679
371 376
374 379
373 374
373 379
371 814
371 373
373 814
371 379
376 379
374 814
373 375
375 814
375 379
379 814
376 814
374 376
374 375
375 376
375 1679
379 1679
274 379
274 1531
379 1531
192 274
274 275
190 1033
190 1193
546 1462
1552 1670
1670 1893
1670 1789
443 1789
1092 1789
443 1092
1092 1670
1561 1623
1092 1623
1092 1561
443 1623
443 444
443 1892
444 1892
444 2134
1892 2134
1785 1786
1785 1997
1066 1785
1066 1978
1785 1978
1977 1978
403 1977
403 1978
404 1977
686 1977
581 2074
1977 2074
581 1977
686 2074
1331 2074
581 1331
685 686
685 2074
685 1365
685 1238
685 1302
1302 1437
568 1437
568 1218
568 1426
568 2129
1426 2129
1424 1425
1424 1426
401 2129
401 1973
1973 2129
401 568
401 1751
1751 1973
1973 2114
1972 2114
679 1972
679 829
738 829
829 1731
1277 2171
936 2171
1905 2171
936 1905
936 2105
2104 2105
936 2104
736 2104
1762 2104
1762 1764
1764 2104
1762 1763
505 1763
505 1762
699 937
699 928
928 937
908 928
908 925
925 928
908 927
925 927
1047 1382
793 1047
793 1382
793 1905
1382 1905
1382 2171
1382 1920
1920 2171
928 1382
928 1920
927 928
927 1382
927 1047
793 927
793 928
928 1762
793 1762
925 1762
505 925
699 1762
699 2104
1659 2104
937 1762
937 2105
1762 2105
937 1659
1659 2105
830 1772
678 830
678 1772
678 1958
1901 1958
678 1901
106 1901
678 680
680 1901
680 1902
1901 1902
110 111
111 1901
111 112
112 113
111 113
84 111
84 113
103 113
84 103
84 91
91 103
85 91
84 85
85 2122
1477 2122
84 2122
1477 2136
2122 2136
1248 2122
1005 1553
446 1553
902 1740
901 902
1740 1741
1105 1741
1104 1105
1105 1106
1104 1106
1443 1646
1301 1646
1301 1443
1533 1646
1301 1533
1356 1443
1301 1356
534 1301
534 1356
1740 2017
1356 1740
1356 2017
534 2017
534 1740
1443 1740
923 1553
446 923
923 1106
1106 1553
1154 2054
1246 2054
1154 1246
1154 1247
1246 1247
155 1247
1154 1553
1553 2054
155 156
156 2005
156 1874
1874 2005
786 1262
785 1262
555 1848
555 785
785 1848
1262 1848
1153 1262
1153 1848
549 1153
549 1848
549 972
972 1848
555 972
555 1444
785 1444
1444 1540
1224 1444
1224 1540
1444 1539
785 1539
785 1543
1539 1543
816 1543
668 816
816 817
815 817
815 816
817 978
458 978
458 817
1539 1540
817 1540
817 1539
816 1539
1131 1540
817 1131
817 1886
458 1886
458 1058
457 458
457 1058
457 2040
208 2040
208 457
457 2107
208 2107
208 555
555 2107
555 1058
1058 2107
978 1058
1065 1304
978 1065
300 1065
300 774
300 303
303 774
774 775
86 775
86 1677
1677 1701
1615 1701
567 1616
567 1615
558 2149
2028 2149
558 2028
2028 2131
558 2131
315 407
315 558
407 558
408 558
407 408
315 2149
237 315
237 2149
237 567
567 2149
1615 2149
1010 1616
567 1010
1010 2023
1616 2023
700 2023
700 1616
700 1687
145 283
283 1687
145 1687
283 1241
1241 1687
2008 2071
1995 2008
1995 2071
222 2008
222 1995
222 547
547 1995
547 967
967 1995
843 967
547 843
547 2012
843 2012
547 2008
2008 2012
674 2012
674 2008
674 1241
1241 1945
674 1945
1945 2012
841 1945
841 2012
841 2071
2012 2071
1995 2012
843 1995
841 843
841 1995
841 1241
1241 2071
674 2071
1034 1945
1034 1241
1034 2024
1241 2024
318 2024
318 1034
145 2024
145 318
294 320
294 318
318 320
702 1856
320 1856
320 702
294 1856
294 965
294 295
965 967
294 967
294 843
294 841
294 1945
294 1034
295 1575
1575 1856
294 1575
1265 1348
1265 1856
1348 1726
1157 1726
1158 1726
1158 1159
1159 1726
1157 1159
1159 2113
1156 2113
1156 1159
725 2113
725 1156
1989 2113
725 1989
1017 2112
298 2112
298 1017
904 1017
1017 1739
904 1957
359 1395
463 1395
463 725
725 1287
1287 1989
1287 1289
1289 1989
1287 2026
784 2026
784 1882
1287 1288
1288 1289
798 1289
798 2113
1289 2113
797 2113
797 798
1855 2164
799 1855
799 2164
798 2164
1433 1855
799 1433
721 1959
721 799
799 2070
1021 1433
1433 2070
1109 1823
1109 1855
1109 1524
234 1524
234 1635
236 1635
236 1854
201 1212
1212 1640
123 1212
123 1640
118 123
118 1640
565 1854
565 1640
565 1639
1639 1640
565 933
933 1639
431 1639
118 431
118 1639
204 1639
1639 1895
204 1895
128 1639
128 204
128 129
118 129
118 128
128 1640
118 237
123 237
237 1708
233 315
315 1824
1824 1912
1580 1912
1912 1922
1922 2061
301 1912
301 1922
354 1922
354 1517
1517 1922
1517 1547
1517 1862
1547 1862
1517 2061
1547 1803
660 1803
865 1803
865 1806
1803 1806
268 865
268 1806
268 1804
1384 1489
1349 1489
1349 1693
1349 1350
1350 1693
1577 1693
1577 1790
1693 1790
1658 1790
1376 2172
1376 1538
152 2172
152 2121
152 1592
1376 2156
1376 1592
518 2106
1376 2106
518 1376
518 851
851 1376
851 2087
518 2087
758 1376
1909 2106
1376 1909
1909 2156
1546 1909
1546 2156
1235 1546
381 1546
381 1235
1231 1235
381 1231
1231 1608
381 2009
1231 2009
505 2009
505 976
976 2009
976 1231
976 977
977 1231
977 1608
976 1858
977 1858
1069 1858
690 1069
687 690
687 1069
687 1163
1777 2160
1163 2160
1776 2160
623 1776
623 2160
436 1502
623 1502
436 623
382 1502
382 436
1502 1606
623 1606
1606 1776
1606 1810
1776 1810
1593 1810
1593 1809
1423 2037
2037 2157
790 2037
790 795
795 2037
795 2004
1459 2004
795 1459
1561 2004
1623 2004
1623 1624
443 1624
1784 1890
1784 2134
1890 2134
1784 1786
1423 1890
1423 1784
795 1624
1624 2037
795 1623
1624 1892
1890 1892
1890 2037
1624 1890
1588 1784
1423 1588
1588 1785
1784 1785
414 1066
1066 1979
414 1979
414 1978
413 1978
413 414
413 1977
413 581
414 581
581 2154
414 2154
1795 1979
1331 1795
1331 1979
1628 1795
1330 1795
1330 1628
581 1330
581 1628
1330 1331
1881 2154
581 1881
1331 2154
1330 2154
1330 1881
1795 1881
1303 1593
402 1593
402 1303
402 406
406 1628
402 1628
1628 1881
402 1881
406 563
563 1331
406 1331
563 1302
1302 1331
563 1437
563 568
568 1998
563 1998
563 1858
1858 1998
976 1998
224 976
224 1998
401 1998
272 1998
272 401
272 1751
1751 1972
1972 1973
947 1751
947 1972
946 947
946 1972
946 1206
1206 1972
679 1498
1498 1972
1206 1498
680 831
680 830
830 831
281 830
281 831
680 1206
831 1206
281 1498
831 1498
281 679
281 829
281 1067
829 1067
1731 1833
1277 1833
829 1833
1067 1833
281 1833
830 1833
830 1277
1277 1772
1277 1659
1277 1906
1906 2171
1905 1906
937 1906
937 1905
936 937
936 1762
793 936
793 937
937 1920
793 1920
937 1277
1905 1920
1906 1920
111 1902
1151 1902
111 1151
111 1667
1151 1667
1151 1385
1385 1667
84 1667
964 2122
84 964
1270 2122
1248 1270
478 1005
478 1248
1248 1305
478 1305
1248 1600
1305 1600
1305 1306
516 1305
516 1306
516 1990
1306 1990
534 1990
516 534
478 1306
479 1005
478 479
479 1553
1306 1307
478 1307
478 2019
1307 2019
479 1307
479 2019
1301 1990
174 1741
174 1105
534 1741
174 1646
1105 1646
1106 1646
174 1533
1577 2056
1790 2056
1533 2056
1533 1577
1577 1634
1634 1693
1350 1634
1301 1577
1301 1634
1301 1307
1307 1634
1307 1990
1388 2054
1388 1389
1389 2054
96 1247
97 1247
96 97
95 97
95 96
155 613
613 1247
96 613
40 95
40 96
80 96
41 786
41 80
41 1262
41 94
94 1262
94 1153
549 1541
972 1541
1541 2076
972 2076
971 972
416 972
416 971
555 971
971 1027
555 1027
555 2174
1027 2174
208 2174
208 1027
1026 1027
208 1026
555 1026
1026 1444
457 1027
457 1026
1026 1671
1444 1671
208 1058
1058 2174
1444 1445
1224 1445
673 817
817 1798
673 1798
1797 1886
1173 1797
1173 1886
817 1797
1173 1240
1240 1797
669 2102
670 2102
669 670
669 1240
1240 2102
1797 2102
971 2167
1173 2167
971 1173
2167 2185
1173 2185
1173 1445
1445 2185
1445 1886
1953 2185
1445 1953
1172 1953
1172 2185
1027 1445
1027 1172
1172 1445
1027 1953
971 1953
1953 2180
971 2180
971 1172
1172 2180
2180 2185
2167 2180
1172 1886
458 1172
1172 2040
458 2040
1027 2040
458 1027
458 1026
1027 1671
458 1671
208 1172
1815 2068
208 1815
208 2068
1058 1815
307 1954
307 308
308 1954
1954 2007
308 2007
1815 2007
1815 1954
300 2007
300 308
978 1815
1065 1815
1065 2007
303 312
300 312
305 312
300 305
300 304
304 308
304 305
305 306
306 312
86 1701
775 1701
1701 2028
1615 2028
1863 2028
1863 2131
1701 1863
1215 1863
1215 2131
306 1215
306 407
407 1215
408 1215
407 1824
237 288
288 567
1010 1814
319 1814
319 1010
318 319
284 319
284 318
1010 1816
319 1816
1813 1816
319 1813
702 1816
702 2023
1816 2023
319 2023
319 1371
1371 2023
318 1371
318 2023
318 1813
284 1813
1009 1813
284 1009
319 1817
284 1817
1009 1818
1651 1818
1009 1651
781 1818
781 1651
1651 1814
1009 1814
566 1814
319 566
566 567
567 1814
566 1817
566 1818
1817 1818
1647 1818
1647 1817
782 1647
782 1818
288 1647
567 1647
566 1647
288 933
768 933
288 768
237 933
432 933
432 768
780 1223
768 1223
768 780
780 2159
1223 2159
768 2159
288 2159
288 780
288 782
780 782
288 1223
782 1223
1223 1647
1648 1817
1647 1648
1009 1648
1009 1817
284 2011
1817 2011
2011 2183
1817 2183
1648 2011
1009 2011
284 1648
1223 1648
284 1223
284 2183
1223 2183
1223 2011
1009 1223
566 781
781 782
566 782
1223 1818
768 1647
1647 2159
768 1648
780 781
781 1011
1011 1651
567 1651
1010 1651
1010 1011
1009 1010
1009 1011
1011 1816
1009 1816
702 1011
318 702
702 1813
565 1011
565 781
565 932
781 932
768 932
780 932
237 431
431 933
432 932
932 933
430 432
430 768
237 432
237 430
118 430
430 431
118 119
119 1639
233 237
119 129
119 1744
129 1744
129 194
194 1744
194 1639
1639 1744
194 477
477 1639
477 1895
1212 1744
119 1212
1895 2152
1212 2152
1212 1895
1212 1681
1681 1895
204 1681
204 2152
204 1212
128 2152
119 128
128 1212
119 2152
1639 2152
1744 2152
123 129
129 1212
129 201
201 211
129 211
129 207
207 211
204 207
129 204
207 1212
201 207
207 212
198 207
198 212
212 214
214 228
201 214
207 214
207 226
211 214
198 214
198 211
211 215
207 215
207 213
213 215
193 215
193 211
193 198
198 213
193 213
204 213
204 215
204 220
194 204
194 220
194 213
213 220
193 194
129 193
193 204
194 1681
477 1681
1681 1744
477 1744
1744 1895
204 569
213 569
213 1859
220 1859
569 1859
219 569
219 1859
219 220
220 569
235 565
235 1011
235 968
968 1011
968 1265
1011 1265
702 1265
700 702
320 700
700 1371
145 1371
145 700
145 319
320 1371
318 700
968 1348
968 1726
968 1158
235 1158
235 797
797 1158
797 1159
298 725
725 2112
299 725
299 463
298 299
299 1739
298 1739
299 1395
797 2164
234 2164
235 2164
234 235
234 1109
1109 2164
234 236
236 565
235 236
431 932
430 932
431 432
1813 2023
1009 2183
1824 2110
407 2110
1912 2110
301 662
354 662
301 354
662 1941
354 1941
354 670
670 1941
354 2102
1517 2102
661 662
661 1941
307 661
307 666
661 666
307 671
666 671
661 669
661 670
666 669
666 2068
669 2068
208 669
208 1240
208 1173
1172 1173
1954 2068
666 1954
671 1954
306 1863
312 1863
312 1701
312 775
303 775
304 306
304 662
306 662
306 2110
662 2110
662 1912
304 661
304 307
1517 1797
1517 1803
1797 1803
1803 1862
865 1797
221 1797
221 865
268 1799
865 1799
353 1383
416 1383
353 416
268 1384
268 1383
1383 1384
1384 1804
356 1383
356 1384
356 1489
321 1349
321 1489
1491 1738
1388 1491
1388 1738
1246 1389
1246 1891
1389 1891
97 541
97 950
541 950
950 1247
950 1246
97 98
94 97
94 98
83 98
83 94
41 83
40 41
40 83
40 80
83 95
95 98
94 541
541 1153
950 1642
950 1891
1642 1891
541 1642
541 1152
1152 1153
549 1152
615 1987
1152 1987
615 1152
1541 1735
357 1735
357 1541
357 2076
416 2076
353 2076
353 355
355 1383
355 356
322 355
322 356
355 1663
322 1663
357 1987
1735 1987
1663 1987
357 1663
1541 1987
1663 2099
1551 1663
1551 2099
1551 1987
2001 2099
1551 2001
321 2001
321 2099
1349 2001
321 322
322 2099
321 356
1350 2013
1349 2013
2001 2013
1738 2013
1491 2013
1350 1738
1388 1634
1307 1388
1350 1388
1491 1642
616 1491
616 1642
1389 1642
1389 1491
615 1642
615 616
615 1873
1642 1873
1152 1873
541 1873
615 1551
616 1551
616 2001
616 2013
353 357
355 357
971 1799
416 1799
1383 1799
856 1799
856 971
221 1799
221 856
856 1445
971 1445
672 856
672 1445
1445 2167
1953 2167
672 1224
1224 1800
672 1800
1798 1800
1224 1798
1131 1224
1131 1798
672 1798
672 673
667 672
667 856
667 673
673 1797
667 1797
1006 1797
221 1006
667 1006
856 1006
1027 1444
1152 1541
558 1215
1388 1553
479 1388
851 1790
515 2087
515 518
515 516
516 518
516 1758
518 1758
560 1758
516 560
1758 2106
974 2106
974 1909
381 1909
381 1783
1783 2009
690 1858
563 690
406 690
405 406
405 690
405 975
690 975
690 2075
687 2075
688 2075
687 688
688 1968
687 1968
687 1969
1968 1969
1969 2052
687 2052
688 1969
688 2052
688 1810
1810 2052
1810 2075
1606 2052
1606 1607
1607 2052
1358 1502
382 1358
382 383
383 1358
1938 2153
1357 1938
1357 2153
1938 2142
1502 1938
1357 1502
1357 1358
1719 1938
1502 1719
1501 1719
1606 1831
1606 2153
1831 2153
1357 1606
1607 1831
1607 2153
1358 2153
1358 1607
1357 1607
1358 2025
2025 2153
1970 2025
1969 2025
1607 2025
1607 1969
1831 1969
1831 1970
1969 1970
1968 1970
688 1970
1968 2025
2025 2052
687 2025
1163 2025
623 1999
436 1999
436 2128
382 2128
1719 2128
382 1719
1358 1999
383 1999
1163 1999
1163 1358
1999 2160
802 803
383 803
437 1999
803 1999
436 437
383 2128
1501 2142
1719 2142
383 1719
383 2142
383 1938
382 1938
436 1499
1076 2075
1076 1810
405 410
410 1076
405 1076
402 410
406 410
410 1593
1076 1593
1593 1594
1594 1809
1593 2118
1594 2118
1303 2118
1303 1588
1588 2118
1303 1785
1066 1303
1303 1979
402 1979
1881 1979
1979 2154
975 1076
975 2075
271 1998
224 271
271 1751
271 272
949 1751
947 949
271 949
949 1078
948 949
948 1078
1003 1078
948 1003
947 948
947 1003
270 947
270 1003
1385 1487
1487 1667
964 1667
964 1270
1270 1600
560 1600
560 1270
487 1270
487 560
516 1600
1758 2108
974 2108
974 1758
381 974
974 1783
683 1783
683 1782
1782 1783
1783 2109
1782 2109
505 2109
1879 2109
505 1879
506 907
505 506
505 907
907 925
907 1047
925 1047
506 1411
907 1411
908 1411
506 908
683 996
908 996
683 908
506 996
217 996
217 506
217 223
223 506
224 506
223 224
224 505
224 879
271 879
949 1315
946 1315
946 949
946 1078
1078 1206
1003 1206
1003 1902
1003 1151
680 1003
947 1078
1078 1314
947 1314
270 1314
269 880
270 880
269 270
879 880
269 879
270 1315
269 1315
270 949
949 1314
269 1314
269 949
1314 1315
1078 1315
270 271
271 1315
271 1314
269 271
203 1932
879 1932
203 879
203 832
683 832
203 683
683 1932
1932 2108
1734 2108
1734 1932
880 1932
1237 1932
880 1237
1237 2079
1932 2079
1237 1610
880 1610
270 1610
1003 1385
1003 1610
1385 1610
1487 1610
488 1197
488 1487
1197 1487
488 1667
488 964
1197 1982
1197 2079
1982 2079
1734 2079
1734 1982
487 1982
487 1197
488 1270
560 1982
1734 1758
560 1734
974 1932
683 974
217 683
217 995
683 995
996 1209
217 1209
995 1209
223 1209
223 995
223 832
224 832
203 224
217 832
218 223
217 218
218 995
832 1209
218 832
218 1209
218 996
995 996
487 488
1197 1237
1197 1610
946 948
683 699
699 1782
699 908
1782 1879
907 908
908 1047
793 925
2009 2109
515 534
515 1741
1741 2056
174 2056
515 1790
515 2056
1790 2087
1302 2074
406 1795
1035 2168
1561 2168
1035 1561
2004 2168
789 1459
789 795
1030 1035
1030 1459
1035 1459
1030 1032
1032 1459
789 1032
791 794
791 792
787 792
792 1030
787 1030
1030 1808
1030 1071
653 1071
653 1030
653 787
653 861
654 862
653 862
653 654
496 654
653 1068
654 1068
1068 1071
1068 1070
497 1294
497 1070
1070 1294
497 1068
497 654
496 497
399 497
399 496
496 1162
399 1162
1162 1632
399 1632
1162 2139
1632 2139
399 771
771 1632
761 771
761 1632
1162 1165
1165 2139
1164 1220
640 1220
1064 1220
762 1064
761 1633
1632 1633
1633 2139
1165 1220
1165 1967
1220 1967
1064 1967
762 1967
1633 1967
762 1633
1967 2139
1164 1165
1162 1164
1162 1971
641 1162
771 2119
399 2119
399 1294
1294 2119
1561 1808
1460 1561
1035 2004
1030 1031
1031 1032
179 1031
791 1031
179 791
792 1031
1030 1561
1460 1670
1092 1460
788 791
791 1876
788 1876
485 1876
485 791
179 485
179 378
378 485
179 276
276 378
378 772
485 772
1115 1876
485 1115
1135 1876
772 1876
772 1135
1115 1135
486 1876
486 1136
1136 1876
1115 1136
486 1115
485 486
1135 1136
1136 1821
1135 1821
486 1821
486 1135
485 1135
772 1821
772 1136
276 772
276 1821
179 1931
1031 1931
1032 1931
1032 1983
276 1931
1269 1877
1821 1877
1269 2022
1877 2022
788 2022
788 1877
788 1269
1876 1877
486 1877
1592 2172
283 2024
446 902
902 923
902 1443
923 1443
923 1646
103 112
726 1191
726 1171
726 1072
652 726
510 652
726 1980
796 1690
796 1060
1060 2094
1060 2095
796 2095
836 1018
836 1022
836 1019
1018 1022
512 1993
512 1022
754 1022
210 2086
1549 1714
1053 2086
51 87
1874 1924
1424 1903
1418 1419
871 1155
1004 1612
665 1612
665 1374
664 1374
1374 1449
1108 1449
1057 1449
664 1802
367 1853
227 367
176 1351
1351 1570
1570 1571
860 1571
860 1696
1250 1571
860 1250
1250 2000
860 2000
859 2000
859 860
860 1595
1595 1696
1595 1695
858 1595
858 1695
859 1694
858 859
858 1694
860 1694
858 924
859 924
924 1845
858 1847
1845 1847
858 1845
1847 1944
858 1944
1595 1944
858 860
860 1695
860 924
924 1595
924 1944
924 1847
292 924
292 1847
282 292
150 282
150 1338
282 1338
282 1847
1338 1847
1338 1845
1338 2147
150 2147
1637 1638
1637 2000
1638 2000
1343 1638
491 1343
491 1638
491 1637
173 1020
1020 1343
173 1343
173 1638
172 173
172 1380
173 1380
1020 2140
715 1020
1825 1826
715 1825
715 1826
711 1825
707 711
711 1516
1516 1825
707 1516
709 1516
1516 2018
172 2018
158 172
172 1986
158 1986
1986 2000
172 2000
158 1344
1344 1986
713 1344
1344 1345
158 712
712 1344
175 1345
177 1345
175 177
176 177
175 176
176 1570
177 1570
177 1571
172 1638
1380 2018
1020 1380
1020 1826
1380 1826
1380 1516
1516 1826
1250 1986
177 1986
177 1250
177 1344
476 1556
475 476
476 2182
475 1629
1629 2182
475 480
480 1629
450 480
450 1629
290 450
290 1629
450 1554
450 451
451 480
449 450
449 451
452 480
451 452
480 1554
452 1554
450 452
1685 1897
1685 1898
109 117
92 102
1428 1479
1422 1428
552 1428
345 571
345 579
345 644
345 1049
108 1183
502 1183
108 502
142 502
140 143
543 1397
543 1401
543 1405
521 1405
1117 1401
389 1406
385 1396
503 1929
1309 2035
1398 2035
1398 1559
1559 2035
1398 1514
1245 1398
628 1399
1245 1514
663 1514
663 1904
663 1961
200 663
580 1463
636 1429
989 1830
1318 1391
1318 1750
1564 1750
1452 2032
445 1452
574 1234
345 489
533 649
533 2041
533 1012
1447 1830
133 600
250 251
47 297
47 57
57 297
297 650
57 650
650 1377
650 1101
56 1101
56 650
55 1101
55 56
55 1102
55 1276
1102 1276
1276 1591
1102 1591
733 1591
53 325
325 637
53 550
325 550
325 638
637 638
323 325
325 732
323 732
331 732
325 331
331 550
183 550
183 331
189 331
183 189
185 189
183 185
185 411
189 411
183 186
185 186
187 411
185 187
185 556
187 556
556 727
186 556
183 556
55 1591
52 55
52 1591
467 1554
302 1554
467 468
1119 1899
464 1899
464 1126
1228 1706
1229 1706
1228 1229
1313 1324
1324 2115
1213 1386
146 850
509 1393
244 490
243 490
1255 1733
199 1255
1255 1956
2303 2345
2294 2304
2272 2304
2304 2310
2295 2310
2294 2310
2294 2345
2310 2345
2264 2345
2264 2310
2253 2310
2253 2295
2253 2264
2253 2273
2252 2253
2237 2253
2238 2253
2237 2238
2219 2238
2209 2238
2238 2264
2209 2264
2209 2226
5 22
2209 2210
2205 2210
2210 2226
2205 2226
2334 2352
2333 2334
2333 2352
2333 2379
2352 2379
2369 2379
2352 2369
2369 2387
2379 2387
2311 2369
2311 2387
1937 2311
1937 2387
1937 2205
1480 2205
2265 2352
2265 2334
2192 2334
2192 2333
2192 2239
2239 2333
2192 2265
2311 2352
2265 2311
2210 2305
2205 2305
2305 2333
2239 2305
2210 2239
2192 2210
1253 2192
1937 2202
2202 2311
2227 2311
2227 2265
2192 2227
2202 2227
2216 2240
2216 2227
2227 2240
2192 2216
1253 2216
2217 2240
2216 2217
2227 2254
2202 2254
2312 2393
2202 2312
2202 2393
2370 2393
2312 2370
2202 2204
2204 2393
2322 2370
2312 2322
2217 2241
2240 2241
2241 2254
2227 2241
2266 2312
2202 2266
2322 2359
2335 2359
2322 2335
2335 2353
2353 2359
2353 2371
2353 2370
2370 2371
2201 2337
2203 2337
2201 2203
2339 2394
2201 2339
2201 2394
2274 2322
2274 2312
2266 2274
2228 2266
2202 2228
2228 2254
2217 2228
2217 2254
2217 2218
2082 2218
2218 2243
2218 2242
2242 2243
2211 2243
2211 2218
2287 2306
2287 2313
2306 2313
2313 2360
2306 2360
2338 2339
2337 2338
2337 2339
2199 2394
2199 2201
2199 2380
2380 2394
2362 2380
2362 2394
2339 2362
2354 2362
2339 2354
2340 2354
2339 2340
2230 2306
2306 2337
2230 2337
2230 2338
2324 2340
2324 2339
2288 2339
2288 2338
2230 2288
2229 2230
2229 2306
2276 2306
2229 2276
2276 2287
2229 2277
2276 2277
2255 2277
2255 2276
2243 2277
2243 2255
2082 2211
1369 2211
2230 2278
2278 2288
2288 2324
2278 2324
2354 2361
2361 2362
2372 2381
2199 2372
2199 2381
2372 2380
2324 2341
2340 2341
2314 2324
2278 2314
2244 2278
2230 2244
2231 2244
2230 2231
2211 2230
1370 2230
1370 2211
2211 2229
2244 2279
2256 2279
2244 2256
2278 2279
2341 2362
2325 2362
2325 2341
2314 2325
2314 2362
2314 2380
2314 2372
2315 2381
2315 2372
2314 2315
2289 2315
2289 2314
2280 2289
2279 2280
2279 2289
2257 2280
2257 2289
2221 2231
1370 2221
1370 2231
2231 2245
2221 2245
2244 2245
2245 2256
2256 2280
2256 2257
2232 2257
2232 2289
2315 2346
2307 2346
2307 2315
2346 2363
2346 2381
2363 2381
2363 2385
2381 2385
2200 2381
2200 2385
2245 2257
2232 2245
2215 2221
2221 2232
2215 2232
2215 2258
2215 2307
2258 2307
2232 2307
2258 2308
2307 2308
2308 2342
2307 2342
2342 2346
2342 2347
2346 2347
2347 2363
2347 2388
2348 2388
2347 2348
2198 2389
2200 2389
2198 2200
1222 2198
2342 2348
2326 2342
2308 2326
2267 2297
2267 2308
2297 2308
2258 2267
1706 2221
1706 2215
1002 2221
2212 2258
2212 2215
2212 2246
2246 2258
2246 2267
2327 2328
2327 2373
2328 2373
2290 2328
2290 2327
2373 2382
2328 2382
2197 2364
2198 2364
2197 2198
2309 2364
2197 2309
2328 2364
2364 2382
2281 2282
2281 2298
2282 2298
1229 2215
1229 2212
2212 2247
2246 2247
2191 2247
2191 2212
2246 2282
2246 2281
2268 2282
2246 2268
2282 2327
2298 2327
2234 2364
2234 2328
2197 2383
2309 2383
2355 2383
2309 2355
2234 2309
2282 2290
2247 2268
2268 2290
2247 2290
2283 2328
2283 2290
2355 2365
2365 2383
2365 2390
2383 2390
2197 2390
2194 2390
2194 2197
2365 2366
2343 2366
2343 2365
2329 2343
2329 2365
2329 2355
2291 2329
2291 2355
2291 2309
2234 2283
1324 2233
2191 2233
2233 2247
2247 2283
2233 2283
2233 2234
2234 2235
2235 2309
2343 2374
2366 2374
2365 2374
2374 2384
2365 2384
2384 2390
2196 2390
2194 2196
2375 2384
2375 2390
2299 2329
2291 2299
2235 2291
1324 2234
2284 2299
2284 2291
2299 2330
2329 2330
2330 2343
2344 2374
2343 2344
2330 2344
2330 2374
2330 2384
2330 2375
148 2195
2195 2196
148 2196
2195 2317
2196 2317
2316 2375
2316 2330
2292 2299
2299 2300
2292 2300
2284 2292
2235 2284
2259 2284
2235 2259
1324 2236
1324 2235
2235 2236
2236 2259
2248 2259
2236 2248
2259 2285
2284 2285
2285 2286
2285 2300
2286 2300
2300 2316
2299 2316
2196 2316
2316 2317
2193 2293
2195 2293
2193 2195
2259 2286
2260 2286
2259 2260
2248 2260
2236 2249
2248 2249
2213 2249
2213 2236
2249 2260
2214 2260
2260 2300
2214 2300
2214 2261
2260 2261
2214 2317
2195 2214
2193 2220
2193 2349
2193 2376
2349 2376
2249 2261
1324 2213
2115 2213
1103 2213
2213 2214
1103 2214
2250 2293
2195 2250
2193 2269
2269 2293
2193 2301
2269 2301
2350 2376
2349 2350
2318 2349
2319 2349
2318 2319
2301 2318
2193 2318
2269 2318
2250 2269
2190 2250
2190 2195
1103 2190
1114 2190
2223 2250
2190 2223
2189 2223
2189 2250
2250 2270
2189 2270
2269 2270
2270 2320
2270 2319
2319 2320
2262 2320
2262 2270
2262 2271
2271 2320
2320 2356
2271 2356
2320 2350
2350 2356
2356 2367
2271 2367
2271 2331
2331 2367
2332 2367
2331 2332
2367 2391
2332 2391
2188 2391
2188 2332
2220 2391
2188 2220
2224 2331
2224 2271
2189 2262
2251 2331
2224 2251
2251 2332
559 1147
1147 2188
559 2188
1123 1147
1123 2188
2188 2251
2188 2225
2225 2251
2224 2262
1114 2189
1114 2223
1114 2224
1123 2224
1114 1123
1123 2225
2224 2225
2189 2224
2220 2367
2220 2376
2367 2376
2350 2367
2319 2350
2269 2319
1103 2195
2213 2261
2300 2317
2196 2375
2285 2292
1955 2196
1222 2197
2198 2382
2327 2348
2348 2373
2298 2348
2298 2342
2298 2326
2297 2326
2297 2298
2281 2297
2267 2281
2373 2389
2382 2389
2348 2389
2388 2389
2363 2388
2385 2388
2385 2389
2232 2315
1074 2199
2199 2200
2341 2361
2341 2354
2324 2325
2296 2314
2289 2296
2278 2296
2279 2296
2229 2243
2203 2306
2203 2360
2323 2360
2313 2323
2336 2371
2323 2371
2323 2336
2360 2371
2336 2353
2335 2336
2218 2228
2228 2242
2242 2266
2242 2274
2242 2275
2274 2275
2274 2287
2275 2287
2274 2313
2274 2323
2322 2323
2323 2335
2275 2276
2255 2275
2242 2255
1937 2204
2203 2204
2360 2370
2360 2393
2359 2370
2204 2360
2305 2387
2205 2387
2205 2207
2305 2379
1352 1617
1569 2034
986 2033
986 1447
986 2123
1447 2123
1992 2123
1414 2014
1414 1643
1361 1414
589 1414
589 1325
1325 1655
380 1325
813 1325
813 1327
1327 2161
1327 1888
1079 1255
27 509
27 29
29 509
29 240
29 244
240 244
