2132 2149
847 2149
847 2142
875 2113
2113 2132
862 1929
1919 1929
875 877
808 1919
862 869
869 2142
801 808
835 2428
835 2482
810 811
753 1807
753 810
811 2483
2482 2483
827 2002
2056 2065
866 868
827 868
877 883
801 2420
2420 2430
1908 2430
795 828
838 846
838 843
843 2472
2002 2472
820 821
819 820
865 870
821 2039
2050 2056
873 2065
866 873
2039 2050
870 871
871 880
711 730
711 809
778 809
729 738
738 778
828 844
806 822
806 830
830 846
842 2045
819 842
865 2045
386 575
386 452
498 633
633 655
607 655
575 634
634 703
703 1657
728 1657
608 635
608 636
636 1725
635 728
839 1794
845 1794
844 845
521 621
621 1588
607 1588
431 498
431 557
452 557
813 840
795 822
1527 1529
632 1529
593 1527
521 593
793 800
783 800
741 783
741 758
758 834
834 840
813 839
545 1472
632 1472
692 742
692 708
765 774
677 697
641 697
641 658
631 721
720 721
420 545
460 563
488 603
555 603
555 1426
563 1426
736 760
742 760
642 765
735 774
708 735
631 658
340 410
2257 2258
776 1395
693 1395
709 775
693 709
776 2258
410 1351
497 1351
497 601
520 601
420 460
487 488
487 520
743 785
668 736
302 370
309 355
249 1166
201 249
354 1027
483 493
1166 1172
439 486
486 1172
355 439
370 1270
380 1270
211 304
380 409
363 409
304 363
185 216
185 211
216 1338
340 1338
789 2257
786 789
786 1335
775 797
785 797
292 309
292 302
159 193
248 354
1026 2191
1027 2191
592 1049
689 725
688 725
762 944
944 953
688 953
646 689
646 653
619 653
582 619
582 620
592 620
493 1138
159 215
384 485
485 507
723 762
591 660
1138 2168
494 2168
425 470
540 645
540 552
598 1219
552 1219
470 598
425 1090
403 1090
403 436
436 483
761 1335
645 710
699 710
699 761
405 494
394 405
379 394
379 383
383 887
591 900
892 900
887 892
384 408
660 723
507 1049
1028 2183
408 1028
1026 2183
248 258
215 258
193 201
668 669
737 743
669 737
642 677
793 1635
720 1635
1725 1730
729 1730
730 1807
880 883
2415 2428
1908 2415
