1202 0 1872
1872 493 1202
1292 1872 0
1872 1827 188
1869 1872 188
1872 1869 493
1869 1868 493
1869 415 1868
415 1869 188
1868 415 727
818 1868 727
818 1203 1868
1742 1203 818
2155 1742 818
1742 1167 1203
1202 1203 1867
1202 493 1203
493 1868 1203
23 1202 1867
23 0 1202
1867 1167 1258
1258 1167 887
1055 888 887
887 888 1258
1258 23 1867
1984 23 1258
22 23 24
24 25 22
23 22 1
1 0 23
1 5 21
1 21 0
1872 1292 1947
1872 1947 612
1872 612 1827
1028 818 727
2155 818 1028
1169 2155 2219
2155 1169 1742
1169 2219 2209
2226 2264 2321
2207 2226 2321
1480 2207 2206
1937 1480 2085
2203 1937 1236
1236 1937 689
1236 1074 2201
1074 1073 1222
1222 2200 1074
2194 1222 1955
147 2193 148
559 2220 147
1310 1617 1569
1447 2033 1569
1992 1447 2058
2058 1412 1214
1386 1412 1414
1414 941 1325
1325 1326 1327
1327 984 1950
528 1327 1950
1956 1950 1585
2059 1950 1956
1585 199 1956
1221 1080 1255
1875 1080 1221
1875 1221 1759
1077 1875 490
242 240 181
509 240 242
397 7 508
9 1029 400
17 956 957
35 917 244
1373 1077 917
1077 244 917
1080 1077 206
1080 1875 1077
1080 206 1730
1332 1080 1730
1332 1079 1080
2059 1956 1079
2059 1079 973
2059 973 261
2059 249 844
844 1950 2059
528 844 1015
1888 528 1611
1888 1611 2161
589 590 1361
1387 1386 837
1387 1214 1412
1992 1214 594
2123 591 592
1455 1334 2123
1455 2123 1453
1453 1334 1455
2186 986 985
2170 2034 2033
1310 2034 372
1352 614 1141
1141 559 1352
1114 1110 153
164 153 1110
1113 1114 153
1113 1103 1114
1103 1113 2115
1324 1229 2191
2082 2098 1253
2098 334 1253
2082 1253 2217
1253 1168 1169
1253 1169 2210
1168 1742 1169
1168 1167 1742
1167 1867 1203
1337 1055 997
1055 1337 888
888 1984 1258
1984 888 1340
905 23 1984
1340 905 1984
1340 1337 1249
1337 1044 1249
1340 1249 905
24 23 905
5 25 24
5 24 21
21 1292 0
1471 498 1292
1947 1292 1907
1907 612 1947
1292 498 1907
612 1907 1129
612 1129 1372
612 1372 1377
412 612 1101
412 1827 612
1377 1101 612
412 1101 1102
412 1102 733
731 412 733
731 733 637
638 323 731
323 331 411
731 411 412
323 411 731
412 188 1827
412 411 188
187 415 188
727 415 187
727 183 1028
1028 183 2088
2088 2155 1028
2155 2088 74
2088 550 74
637 1591 53
49 297 293
66 65 63
62 66 195
62 1278 64
64 1278 77
1278 79 77
78 79 76
79 1278 76
1278 1749 76
76 1749 75
75 2155 73
2155 75 2222
2155 2222 2219
2237 2219 2222
2303 2263 2222
2303 2222 2302
2351 2302 2357
2351 2357 2377
2368 2377 2386
2378 2368 2386
2386 2392 2378
2386 2208 2392
2206 2392 2208
2208 1480 2206
2368 2351 2377
2368 2358 2351
2358 2303 2351
2302 2351 2303
2294 2263 2303
2263 2294 2252
2272 2252 2294
2263 2252 2237
2222 2263 2237
2273 2252 2272
2304 2295 2273
2321 2345 2378
2358 2378 2345
2321 2378 2392
2207 2321 2392
2207 2392 2206
1391 1530 1480
1480 1530 2085
1530 1988 2085
1949 1937 2085
1949 689 1937
689 600 1236
600 1074 1236
1722 1074 600
137 133 131
134 1363 131
131 1363 137
1363 1510 137
1510 1132 756
1510 1363 1132
1510 755 137
599 600 137
1722 600 599
1339 1073 1074
1801 1450 1073
1073 1450 1222
1222 1108 1955
147 1473 559
559 1473 871
559 871 872
1617 559 872
990 989 1569
1617 990 1569
1569 989 1447
1447 1829 2058
1412 2058 935
935 2058 934
1412 935 1360
1360 935 564
1178 564 1161
564 1174 1360
1174 1120 1360
1413 1120 941
1413 941 1414
1414 1120 1413
1412 1360 1120
1414 1412 1120
337 1325 941
1326 1325 337
1327 1565 984
984 1565 983
130 981 983
130 983 1565
130 1565 338
333 332 693
130 332 333
332 542 693
1930 542 1271
692 1930 1271
1930 692 693
693 542 1930
981 333 693
130 333 981
693 1201 981
981 1201 983
1948 1950 984
1585 1950 1948
199 1585 1586
1733 199 1515
1221 1733 1760
1760 1733 2035
1760 1759 1221
876 1875 1759
490 1875 876
244 243 181
241 244 181
181 240 241
242 181 1393
182 1393 181
509 584 11
10 509 11
584 1603 11
31 1603 1748
1981 31 1748
32 31 508
32 508 13
1122 1121 508
1121 397 508
398 397 1121
1122 398 1121
1122 504 776
1122 776 2089
1122 2089 2173
1188 2173 455
1188 1122 2173
2031 398 1188
1122 1188 398
1029 397 398
8 1029 9
8 397 1029
951 400 979
951 955 434
433 951 434
1390 400 951
1390 6 9
400 1390 9
1390 15 6
1390 958 15
958 14 15
953 963 14
963 16 14
17 963 953
17 953 956
1503 957 956
952 1503 956
953 958 952
14 958 953
952 960 1503
1582 34 957
1721 1582 957
1675 1582 1281
1675 33 1582
33 1675 917
1373 205 206
1332 1730 1841
973 1079 1332
249 2059 261
249 959 1427
535 1427 959
522 535 959
524 535 522
522 959 1024
524 523 535
535 523 531
249 1015 844
1427 535 249
249 535 1015
528 1012 649
1611 528 649
1611 1692 2161
813 2161 1692
863 813 1692
863 380 813
849 380 850
1284 1448 850
1952 146 1448
1283 1952 1448
1283 1448 657
388 1282 1199
1283 657 1282
1283 1282 139
1952 1283 139
1183 146 1952
105 1183 1952
1183 1143 146
849 146 749
849 749 587
849 586 1655
1655 380 849
586 589 1655
849 587 586
587 588 586
586 588 1362
1362 1361 586
586 1361 590
586 590 589
1362 1643 1361
1643 1362 1367
465 1367 1604
1526 1367 465
330 1526 465
465 178 330
1604 1366 465
1366 101 465
178 465 101
125 101 1366
125 1366 1359
125 126 124
127 124 126
765 126 593
107 127 126
121 107 126
121 101 107
121 489 101
101 100 107
107 100 124
124 127 107
124 100 125
101 125 100
489 178 101
1526 330 578
1596 1526 578
1852 1596 554
1596 1852 1213
1526 1596 1386
1643 1367 1526
1643 1526 2014
2014 1526 1386
837 1213 1387
1213 1214 1387
1213 1852 1613
1613 1214 1213
1613 594 1214
1992 594 591
591 594 553
553 592 591
1456 553 552
1535 1456 552
592 1454 2123
553 1454 592
1454 445 1453
1453 2123 1454
1452 1334 1453
985 1334 1452
985 986 2187
985 2187 1334
2186 985 2032
2186 2032 2170
2170 2033 2186
1457 372 2034
372 1254 1310
1310 1254 1352
873 1352 1254
1141 614 873
372 1407 1254
1407 873 1254
1141 873 1140
1660 1353 1661
1660 1128 1353
1140 1353 1128
1141 1140 1147
1134 1147 1140
1147 1125 1112
1125 1123 1112
1110 1123 1124
1123 1125 1124
164 1124 163
163 1124 81
122 163 81
122 81 82
1897 122 1898
122 1897 163
163 1897 1851
163 1851 164
153 164 659
1113 1529 2115
1529 157 2115
1313 2115 157
1654 1229 1313
1653 1228 1654
1228 1653 1466
1466 1700 1228
1707 1228 1700
1700 1699 1707
1002 1706 1707
1002 1707 287
1709 287 1707
1002 287 1370
1369 1370 1723
1723 2098 1369
2098 2082 1369
334 1168 1253
2002 334 335
2002 1168 334
256 335 334
1054 2002 335
913 1054 335
913 335 514
2002 1054 887
2002 887 1167
1167 1168 2002
1054 1055 887
913 998 997
997 1055 913
997 992 1337
992 1044 1337
1249 467 480
1249 1044 467
1126 467 1127
1899 456 1126
456 467 1126
456 460 467
1119 464 456
1328 1119 456
1328 456 1127
1127 456 1899
1126 1127 1119
470 1126 1119
470 1119 1328
470 1328 1335
1329 992 1335
289 470 1335
470 468 464
456 464 468
461 462 456
461 456 468
461 469 462
469 481 462
453 2184 466
466 462 453
462 471 453
462 481 471
462 460 456
461 468 460
462 466 460
460 466 461
461 472 469
2184 469 466
469 459 481
481 459 2184
459 2177 2184
453 481 2184
453 2177 481
2177 471 481
453 459 469
453 469 2177
2184 2177 469
459 453 471
471 2177 459
467 472 466
469 472 468
468 302 469
469 302 466
302 467 466
290 482 302
290 1554 449
482 290 451
1554 482 449
452 449 482
1631 480 1630
480 1631 1249
1630 2097 1631
1631 905 1249
1828 1985 905
905 1985 24
24 1291 21
21 1291 1292
1291 1471 1292
1470 1290 1471
1470 1260 701
701 1260 800
701 1256 1290
1907 1290 1256
1372 1378 1377
1378 297 1377
1378 1001 297
293 296 49
50 49 296
50 296 648
48 648 45
648 969 45
250 43 42
969 250 42
1542 59 250
250 969 2130
2100 2130 648
2130 969 648
2100 648 1001
2100 1576 2130
250 2130 264
251 264 1844
1843 251 1844
1843 1542 251
67 60 1319
1564 63 1319
1564 195 63
195 66 63
195 1278 62
195 1750 1278
1278 1750 1749
1750 1391 1749
2208 1749 1480
1480 1749 1391
75 1749 2208
75 2302 2222
2357 2302 75
2357 2386 2377
2357 2208 2386
2357 75 2208
1530 1391 1244
828 994 1988
1988 994 2085
1949 2085 994
133 1949 994
689 1949 133
994 548 133
1132 1363 134
135 1132 134
1133 1132 135
756 1132 757
1928 756 757
1928 755 756
756 755 1510
755 599 137
599 1522 2060
599 2060 1722
1722 1339 1074
2003 1339 2060
2003 1801 1073
1450 420 1108
1450 1108 1222
1955 1108 148
1108 1374 148
148 1374 147
1374 1474 147
1473 147 1474
1488 1473 1474
1583 990 872
871 1583 872
990 991 989
934 2058 1829
1045 536 918
1161 1045 1429
1161 1429 635
564 939 536
564 935 939
536 1161 564
635 1160 1161
1160 635 636
1161 1160 1178
1178 1160 835
1177 1178 1475
1179 1177 1476
1177 930 1476
1179 1178 1177
1178 1179 1174
1174 564 1178
1174 847 2057
1174 2057 1120
1326 337 1565
1327 1326 1565
1565 337 338
338 630 332
630 338 2057
941 338 337
941 1120 338
1120 2057 338
2062 630 632
2062 632 631
2062 631 1038
2162 332 630
1040 332 2162
332 1040 435
435 1513 332
1513 542 332
542 336 1271
336 1431 1271
539 1056 1614
1226 539 1614
868 539 1226
539 1431 1056
1271 1431 539
993 1271 539
993 539 868
1271 993 692
938 693 692
938 1201 693
583 938 944
943 583 920
945 920 922
945 922 1904
945 943 920
583 1201 938
943 1201 583
1887 1201 943
945 1887 943
1887 1585 1201
983 1201 1948
984 983 1948
1585 1948 1201
1585 1887 1586
1887 1904 1586
1586 1904 1961
1586 1961 199
199 1961 200
199 200 1515
1515 200 1514
1559 1515 1514
1733 1515 2035
1000 1760 2035
1059 1760 1000
1889 1000 1309
1059 1759 1760
876 1759 1059
878 876 1059
876 327 243
327 182 243
328 182 327
181 243 182
584 182 328
182 584 1393
584 328 1603
1603 328 1748
504 508 31
1122 508 504
31 1981 504
2173 2089 448
1420 2173 448
455 2173 1420
966 455 1420
455 1732 1188
1188 1668 2031
979 398 2031
398 400 1029
979 400 398
1668 951 979
1668 979 2031
955 951 1668
954 434 955
433 434 278
433 278 1279
433 958 1390
1390 951 433
960 957 1503
1721 957 960
1721 960 1720
1720 1581 1721
1581 1582 1721
1506 1582 1581
1281 1506 1720
1279 1280 1720
1281 180 1675
1675 180 917
917 1940 1373
1940 500 1373
205 500 501
205 1373 500
842 1729 205
206 205 1730
1730 205 1729
1729 1841 1730
1841 1729 1458
1839 1458 1885
1839 1885 1926
1689 1839 1926
1725 1458 1839
1458 1725 1841
1332 1841 1725
970 1332 1725
1332 970 973
973 970 261
248 249 261
959 248 1508
159 257 1688
257 159 1508
1508 962 1680
1508 1680 959
1024 1680 1025
1024 1023 1043
530 1043 1200
522 1024 530
1024 1043 530
530 1293 522
522 1293 639
639 524 522
2053 524 639
703 523 529
703 889 2041
889 1692 2041
1692 649 2041
523 703 2041
533 531 523
531 1012 535
535 1012 1015
649 1692 1611
1692 889 863
863 889 1284
380 863 850
863 1284 850
1284 657 1448
647 1199 657
657 1284 889
657 889 703
647 657 703
647 703 704
647 386 387
1199 647 387
388 1199 387
1282 388 1118
142 1282 912
1282 1118 912
138 139 140
1282 140 139
1282 142 140
1952 139 105
105 139 104
138 104 139
120 104 138
138 143 120
120 143 108
142 108 143
108 104 120
104 108 105
745 146 1143
146 745 749
749 1182 587
587 1182 588
1359 1366 1528
740 1359 1528
1528 1182 740
1359 740 741
125 1359 126
1359 593 126
765 593 1703
2045 593 2043
2045 1703 593
1703 766 765
121 126 765
489 121 760
760 1049 489
345 577 330
345 330 178
1181 1596 578
575 574 1181
1234 575 1605
1234 1478 1428
1596 1181 554
574 1428 1181
1428 554 1181
552 1852 554
552 1613 1852
1613 553 594
1613 552 553
1479 1535 552
1535 1479 1415
1535 1415 1536
1415 351 1536
1535 1536 1456
553 1456 445
553 445 1454
1457 2170 445
2170 2032 445
607 372 1457
606 1407 372
372 607 606
544 545 606
606 545 1407
873 1407 1353
1140 873 1353
1661 1353 1407
2126 2169 1661
2169 605 1660
262 1660 605
1185 1364 2126
2083 1185 1761
1184 1185 2083
2083 2120 1184
1184 2072 1185
2072 686 1185
686 1364 1185
1364 604 605
605 1903 262
263 738 262
738 1662 262
1662 1896 1660
1660 1896 1128
1128 1896 1134
1134 1896 1958
1134 1140 1128
1125 1147 1134
93 1125 1134
99 93 1134
93 99 92
81 1124 93
1110 1124 164
93 1124 1125
93 92 81
81 92 82
82 102 117
122 82 117
1898 122 116
116 122 117
116 2065 1898
1483 1924 1897
1483 2005 1924
1897 1924 1851
164 1851 659
153 659 1113
659 1529 1113
1529 659 1704
154 1529 1704
1654 157 154
1469 1654 154
1468 1467 1469
1654 1469 1653
157 1654 1313
1465 1466 1653
1469 1467 1465
1467 348 1465
1465 668 1652
1465 1652 1871
1466 1465 1871
1700 1466 1871
857 1700 1871
39 857 1652
1620 857 39
1699 1700 857
1699 857 1620
1699 1620 1709
1709 1707 1699
1370 287 1723
1664 1723 287
1723 1664 2098
2098 1664 334
1664 256 334
258 1537 517
259 258 517
514 259 517
258 259 335
256 258 335
561 258 256
561 1537 258
514 335 259
520 913 514
520 998 913
1329 1044 992
1044 1127 467
1328 1127 1335
1127 1329 1335
1329 1127 1044
992 289 1335
468 470 289
290 468 289
290 302 468
1555 1629 289
1555 2080 1629
476 1629 1630
1630 480 476
1630 475 2097
291 1747 1746
1746 1911 291
1746 1747 150
859 1746 150
454 491 2081
2081 491 2097
1716 2097 491
2097 1716 1631
1828 1631 1716
905 1631 1828
24 1985 1291
1470 1471 1291
1471 1290 498
1291 839 1470
839 1260 1470
982 1509 1563
717 1576 1563
1942 982 1576
1942 1576 1378
982 1942 801
801 800 1260
701 800 1256
1907 1256 1129
800 1942 1256
1256 1942 1129
1942 1372 1129
1378 1372 1942
1576 2100 1001
648 296 1001
293 1001 296
293 297 1001
1576 1001 1378
801 1942 800
1509 801 1260
1509 982 801
2130 1576 1568
264 2130 1568
1568 266 264
705 266 265
716 266 705
266 1844 264
716 1844 266
1844 418 1843
418 1844 716
1843 418 1316
1843 1319 1542
1319 60 1542
1318 1564 1319
1318 1319 1316
1318 1317 1244
712 1244 1317
1530 1244 713
1014 1530 713
1530 1014 828
828 1014 1342
1988 1530 828
828 1430 994
548 994 1430
133 209 132
209 133 548
133 132 131
1053 134 132
135 134 1053
209 1053 132
209 210 1053
1052 2166 151
812 2166 1052
1910 1908 812
812 1908 720
812 720 2166
1908 723 720
720 722 151
720 151 2166
1133 1052 151
722 1133 151
721 722 720
1812 722 721
721 1021 1812
1052 1133 135
1132 1133 757
1928 757 367
366 755 1928
366 1853 755
658 755 1853
227 1900 1853
1900 658 1853
599 658 1523
1522 599 1523
2060 1801 2003
1450 664 1449
1449 420 1450
1057 1108 420
1612 1474 1374
1474 1612 1488
1488 1155 1473
1409 1583 871
1778 1583 1075
364 1778 1075
1754 1778 364
991 1583 1778
2094 1830 991
1830 939 934
934 1829 1830
934 939 935
939 918 536
916 918 2094
939 2094 918
1976 1429 918
918 919 1976
1429 1187 1472
641 1187 1429
1976 641 1429
1976 919 1590
309 919 1791
309 1590 919
1590 641 1976
737 1472 1618
737 636 1472
636 737 1160
737 1618 835
1166 835 1618
1589 1166 1618
1618 1463 1589
1775 1463 1618
580 495 494
494 1697 573
601 570 609
609 573 1463
609 570 573
1589 1463 573
1166 1589 1697
835 1166 1697
737 835 1160
1178 835 1475
1177 1475 1180
1475 1864 1180
1176 1177 1180
1176 930 1177
1176 1170 930
930 1170 931
931 1476 930
1179 1476 1174
1476 931 1174
1174 931 847
2057 632 630
631 632 633
1036 631 633
1036 1038 631
1036 1037 1038
1036 447 1037
447 1036 232
447 2133 1037
1037 2133 2047
2047 1038 1037
2063 2062 1038
273 2063 1038
2047 627 1038
999 899 2039
898 273 999
999 627 899
627 2039 899
999 1038 627
273 1038 999
2062 2162 630
2062 2063 2162
2063 881 2162
2162 881 1040
1040 1039 435
435 1042 1513
1513 1042 2069
336 542 2069
336 2069 1146
336 1562 1431
750 1056 1431
1614 1056 750
1614 750 1490
1614 1490 1198
1198 1226 1614
1495 1226 1233
1495 868 1226
2151 868 1495
868 869 824
868 824 993
993 938 692
993 944 938
1601 663 922
1245 663 1601
1883 392 1550
1918 1883 1111
1918 1641 392
1641 1601 392
1641 1245 1601
1245 1641 1619
1398 1619 1399
1727 1705 1051
1705 525 1051
1399 1727 1051
1050 1399 1051
1505 1311 1486
603 1486 1311
1889 603 2144
1486 603 628
1486 628 1485
628 425 1485
1486 1050 1505
1050 1486 425
628 1050 425
1309 1398 628
603 1309 628
1889 1309 603
2144 1000 1889
1264 1000 2144
1059 1264 877
1059 877 878
1745 877 1392
1748 877 1745
1748 327 877
877 327 878
327 876 878
1981 1748 1842
503 1981 1842
1842 1745 344
1842 344 1929
1625 1013 1929
1625 1929 1626
1626 448 1625
448 2089 1625
2089 776 1625
503 1625 776
1013 1625 503
503 504 1981
776 504 503
448 1626 1420
1420 1626 507
507 329 1420
739 329 507
343 1257 739
1272 1913 329
1273 329 739
329 1273 1272
1627 1273 739
1257 1627 739
343 507 344
507 1929 344
1929 507 1626
344 1745 343
343 1745 317
343 317 1257
1257 317 864
1257 864 1627
1787 1627 2055
2163 1787 2148
1273 1627 1787
1272 1273 1820
1272 1819 267
1272 267 1913
329 1913 1420
1420 1913 966
966 1732 455
1188 1732 1668
1732 1669 1668
1578 1381 1732
1669 1732 1381
1381 2091 1669
1668 1669 955
2091 955 1669
358 2091 2010
954 358 608
954 608 277
277 246 915
915 246 500
500 1280 915
500 1940 1280
915 278 277
278 954 277
278 434 954
2091 954 955
954 2091 358
278 1280 1279
433 1279 958
1279 1720 958
1581 1720 1506
960 958 1720
180 1720 1280
1940 917 180
1940 180 1280
278 915 1280
1792 501 513
1792 842 501
205 501 842
1792 238 842
238 2029 842
238 1645 655
2029 238 1243
1243 1728 2029
1008 1458 1728
1728 1458 1729
2029 1728 1729
842 2029 1729
1008 362 1458
363 362 1008
1728 870 1008
1008 1243 1960
196 1008 1960
197 1960 1597
196 1960 197
1683 196 1322
1008 196 1683
1008 1683 1838
361 1008 1838
350 363 1008
349 350 361
349 1684 350
363 1442 362
1441 362 1442
1441 1442 1297
362 1885 1458
1885 362 1441
2093 1885 1441
2093 1926 1885
970 1725 1839
1839 1857 970
1857 248 970
261 970 248
248 1857 257
1688 171 159
1688 1689 171
171 168 159
159 962 1508
1025 1023 1024
1200 1927 530
1927 1293 530
2053 529 429
524 2053 429
524 429 523
523 429 529
704 703 529
396 386 704
704 386 647
388 387 389
384 389 390
385 389 384
389 385 1451
1403 389 1451
519 1406 255
519 255 521
519 596 1400
521 254 519
519 254 596
596 595 311
769 596 1098
1098 1094 473
1094 1532 473
926 1098 473
473 596 474
596 2006 474
1396 1403 1451
1368 1396 1091
1935 1936 1368
1396 314 1935
314 311 1935
314 310 311
1935 311 2158
2158 1936 1935
2158 1091 1936
1936 1091 216
474 1368 1936
311 474 2158
2158 216 441
441 1091 2158
441 1368 1091
1935 1368 441
1935 441 1396
474 216 2158
474 1936 216
216 1091 1396
216 1396 441
926 769 1098
1400 596 521
521 311 595
254 521 595
595 2143 254
1406 254 2143
1402 254 1406
1404 1406 2143
1404 2178 1406
1402 1404 2143
1402 1403 1404
310 2143 1403
310 1402 2143
1406 1403 1402
1404 1403 2178
2143 2178 1403
1403 311 310
384 255 310
314 384 310
385 384 314
1405 255 384
384 390 1405
390 391 1405
391 911 1397
910 897 911
897 910 1204
897 2067 896
1346 896 1923
1346 1341 896
1440 893 911
1401 911 893
1440 1341 2048
1397 911 1401
1405 391 1397
1402 255 254
596 254 255
255 1406 596
596 1406 2178
2178 2125 596
2125 595 596
2006 595 2125
2006 2125 1396
1396 2125 1403
474 2006 1396
926 311 1532
926 1532 1094
769 926 1094
521 769 1094
521 1094 1098
1098 1532 521
769 521 596
1532 1098 596
1532 596 473
1532 311 521
311 926 473
473 474 311
2006 311 2143
2143 595 2006
2143 311 2125
1403 2125 311
2125 2178 2143
2006 596 311
1408 1300 1400
1408 1400 1405
1408 1299 1300
1299 519 1400
519 1299 1408
519 1405 734
543 1117 734
1117 519 734
1117 389 519
1118 388 389
1118 389 1117
1117 912 1118
895 912 1715
1715 2092 1232
1715 1117 892
892 1117 893
892 598 2047
2047 2092 892
892 2092 1715
894 1232 438
894 1715 1232
895 1715 894
1061 894 438
438 439 1061
1061 909 895
1061 895 894
895 440 912
440 895 909
440 1194 142
142 912 440
1194 440 909
1493 909 1061
324 1493 1061
1061 439 324
324 1925 1493
1493 1194 909
1493 557 1194
502 1194 557
502 557 1917
1917 742 1143
1917 1143 1183
1143 742 745
629 740 745
740 629 741
740 1182 745
745 1182 749
588 1182 1107
588 1107 1362
1107 1528 1604
1604 1528 1366
1604 1367 1107
1182 1528 1107
1359 741 1461
593 1359 1461
593 1461 2043
2044 2045 2043
2044 820 1713
1713 2045 2044
1713 1703 2045
766 1703 1702
1702 1703 1713
1702 1713 819
1062 1702 819
819 1180 1225
1176 1180 1779
1779 820 1544
1176 1779 1544
847 931 2111
2057 847 632
632 847 633
633 499 232
1036 633 232
2133 834 2092
2133 2092 2047
2039 627 597
2039 1943 881
1943 2101 881
881 273 1822
1822 898 881
881 898 2039
999 2039 898
273 881 2063
1040 1041 1039
1039 1042 435
1041 1042 1039
2069 1042 1146
1513 2069 542
2046 750 1186
750 2046 1490
2046 1934 1490
1198 369 1226
1226 369 691
1226 1756 1233
1756 1217 1233
1497 1217 1757
853 684 855
1233 855 684
684 422 170
684 2151 1233
2151 170 1233
170 1495 1233
867 1494 1230
867 825 1494
825 1525 1494
866 854 825
825 867 866
824 866 867
867 993 824
993 867 944
1230 944 867
944 1230 891
583 944 891
583 891 920
920 891 921
920 921 922
922 921 1550
921 1548 1550
1548 1883 1550
890 1883 1548
1210 1261 890
1836 1111 1832
1918 1836 160
316 1619 1641
316 1130 1619
1130 1727 1619
1619 1727 1399
525 1410 2021
525 2021 1089
1087 1051 525
1051 1087 1850
1850 1087 1093
1505 1050 1051
1051 1507 1505
1379 1505 1507
1379 425 1051
426 425 1379
1051 425 1507
425 426 1485
426 1507 1485
1507 426 1379
425 1486 1507
1486 1485 1507
1311 1081 603
603 1081 2144
1264 2144 1421
1264 1421 1392
1392 317 1745
317 1421 1139
2148 1787 2055
2163 2148 1794
1308 2163 1794
1308 1820 1787
1308 1787 2163
1272 1820 1819
1732 966 1578
1381 1913 1915
1915 2091 1381
2091 1915 2010
358 1916 1755
1916 358 2010
1916 2010 1914
1913 1914 1915
1913 267 1914
966 1913 1381
1381 1578 966
1915 1914 2010
1914 1266 1916
1266 656 1916
277 608 1755
1645 277 1755
246 277 513
501 500 246
501 246 513
1792 513 1645
1645 513 277
1755 655 1645
655 1243 238
1771 1960 1964
1964 1960 1243
1243 870 1728
870 1243 1008
1960 1771 1597
1598 1597 1771
1771 2064 1598
1598 2064 1308
1820 1308 2064
1819 1820 1150
267 1819 1150
267 1266 1914
655 1755 656
656 1755 1916
358 1755 608
1243 655 1964
1964 655 656
1267 1964 656
1771 1964 1267
1771 1150 2064
1820 2064 1150
1267 1150 1771
1150 1267 1266
267 1150 1266
1267 656 1266
1308 1082 1598
1598 2132 1597
2132 1994 1597
1598 1082 2132
1082 1095 2132
197 1597 1994
1650 197 1649
197 1650 196
196 1650 777
777 1650 1442
1442 350 777
778 777 350
1682 778 350
1684 1682 350
1682 1837 1100
196 777 778
196 778 1320
196 1320 1322
1512 1683 1100
1683 1512 1834
1838 1683 1834
1838 1834 961
1834 361 961
349 361 1834
349 1837 1682
421 1837 349
1584 1320 778
1320 1584 1321
1142 1321 1323
1834 1142 1837
421 1834 1837
1834 421 349
1834 1321 1142
1512 1321 1834
1321 1512 1322
1320 1321 1322
1512 1100 1322
778 1322 1100
1322 778 1682
1683 1682 1100
1322 1682 1683
1100 1142 1099
1674 1100 1323
1673 1100 1674
778 1100 1673
1321 2176 1674
1674 2175 1673
1673 1584 2176
2175 1321 1584
2175 778 1321
778 1673 1321
2176 1321 1673
2175 1674 2176
2175 1584 1673
2175 2176 778
778 2176 1584
1321 1674 1323
1323 1099 1142
1100 1099 1323
1837 1142 1100
961 361 1684
1684 361 1838
1684 349 961
349 1682 961
1838 1682 1684
1838 961 1682
1442 363 350
1649 1442 1650
197 1994 1649
1768 1442 1649
1768 1297 1442
1297 1298 1441
1242 1298 1296
1296 1439 1242
1242 1207 602
1242 602 626
1242 626 1298
626 1441 1298
626 840 1441
2093 1441 840
2093 840 171
2093 171 1926
1926 171 1689
1857 1839 1689
1688 1857 1689
1857 1688 257
245 239 171
239 191 231
191 202 231
202 149 168
149 141 168
159 168 141
962 159 141
962 821 1025
821 624 1025
1025 624 610
610 1781 1195
1195 1023 610
1259 1195 253
1195 719 980
681 1023 980
980 1023 1195
1023 1025 610
681 230 1023
1023 230 1043
229 1043 230
229 540 1043
285 540 681
286 681 980
676 980 253
286 980 676
342 253 252
342 252 719
342 719 1432
1432 676 342
676 253 342
675 285 682
675 676 285
676 1432 285
285 1043 540
1432 1043 285
1043 1432 1200
1200 1432 1259
1200 1259 1927
370 1293 1927
2096 2053 639
646 2053 2096
2053 646 529
529 646 704
704 646 396
386 396 390
386 390 387
387 390 389
390 646 391
2096 1204 910
2067 897 1204
1923 1934 1346
1346 1975 2051
2051 2050 2048
2051 2048 1341
2039 597 1943
2048 1884 2101
1943 2048 2101
2048 1943 597
1884 2048 2050
2124 1884 2050
2124 1146 1884
881 2101 1041
881 1041 1040
2101 1042 1041
1146 1042 2101
1884 1146 2101
1562 1146 2124
2116 1599 2050
2050 1599 2124
1562 2124 1599
1431 1562 1599
1431 1599 750
1934 2046 1975
1490 1934 1196
1196 1934 1923
1196 1923 618
1198 1490 1196
1196 369 1198
1196 370 369
1226 691 1227
1756 1227 747
1226 1227 1756
747 1757 1756
1756 1757 2165
2165 1333 1756
1756 1333 1007
1007 747 2165
1227 1333 747
2165 747 1333
1007 1333 1227
2165 1757 1007
1757 1217 1007
1217 1756 1007
1233 1217 1497
1757 747 1497
1497 747 691
1579 1497 691
988 1579 691
988 691 369
370 1285 368
617 619 1293
1293 619 1204
639 1293 1204
1204 2096 639
391 646 910
2096 910 646
396 646 390
1204 619 2067
619 618 2067
618 2066 2067
618 1923 2066
370 1196 618
368 369 370
618 617 370
617 618 619
1923 2067 2066
2067 1923 896
370 617 1293
1927 1285 370
1927 419 1285
1259 419 1927
1259 719 1878
1878 419 1259
1781 419 1878
1781 1285 419
1285 610 368
369 368 610
369 610 624
369 624 988
1579 826 527
1497 1579 1496
1494 1496 1230
1496 752 1230
1230 752 891
921 891 751
167 890 1548
166 622 1211
166 1211 1210
1261 1210 1111
1111 1210 1211
1211 1545 1111
1966 1111 1545
1208 1832 1966
1111 1966 1832
1832 160 1836
1918 160 1641
161 160 1832
1208 161 1832
161 316 160
160 316 1641
1705 1727 1130
1705 1130 1410
2103 1089 2021
2132 1095 1089
1083 1089 1095
525 1089 1087
1083 1085 1089
1085 1087 1089
1088 1087 1086
1088 1086 1084
1082 1794 483
1081 483 1794
1138 1081 1794
424 1081 1311
424 483 1081
1088 483 424
1088 424 1093
1093 1087 1088
423 1850 424
424 1051 423
424 1379 1051
1850 423 1051
424 1311 1379
1093 424 1850
2144 1081 1138
1138 1421 2144
2148 1139 1138
1139 864 317
2055 864 1139
2055 1139 2148
1138 1794 2148
1138 1139 1421
1308 1794 1082
1082 1083 1095
1082 483 1083
1083 483 484
484 1090 1083
1086 1090 484
1083 1090 1085
1084 1090 1087
1085 1090 1084
1088 1084 483
1084 1087 483
1085 484 483
1084 484 1085
484 1084 1086
1087 1085 483
1086 1087 1090
1089 1768 2132
2132 1768 1994
1994 1768 1649
1962 1297 1768
1962 1089 2103
1962 1298 1297
1962 1296 1298
1296 2103 1439
1439 428 1207
1207 1242 1439
1736 602 1207
1737 840 626
626 1736 1737
1736 942 1737
1737 260 840
245 840 260
171 840 245
239 245 260
191 239 144
191 144 202
149 202 144
149 144 141
962 141 184
141 144 184
988 624 625
826 1579 987
988 987 1579
621 527 826
527 1496 1579
752 751 891
167 1548 751
751 752 167
526 167 752
166 167 526
827 622 166
621 1211 622
1211 621 2117
1211 2117 1545
1939 1966 2020
1939 1208 1966
316 161 169
316 169 1130
1130 169 1410
1939 1410 169
1939 2020 1410
2020 2021 1410
2020 428 2021
428 2103 2021
428 1439 2103
428 1545 1587
1880 428 1587
1880 1207 428
1736 626 602
2084 1880 1718
2084 942 1736
822 144 942
184 144 822
822 942 2084
822 2084 1718
2137 822 1718
625 624 821
821 822 625
625 1286 988
1286 987 988
987 620 826
620 621 826
621 620 1698
621 1698 2117
2117 1587 1545
1717 1587 2117
1717 1718 1587
1587 1718 1880
1207 1880 1736
1736 1880 2084
625 822 2137
2137 1678 1286
1718 1678 2137
1286 1678 620
1286 620 987
625 2137 1286
1698 620 1718
1717 2117 1698
1717 1698 1718
1678 1718 620
822 821 184
942 144 1737
144 260 1737
260 144 239
1545 428 2020
1966 1545 2020
169 161 1208
1939 169 1208
527 621 827
1496 527 752
527 526 752
166 526 827
827 526 527
622 827 621
962 184 821
1296 1962 2103
1768 1089 1962
1705 1410 525
890 166 1210
167 166 890
1548 921 751
1494 1495 170
1497 170 422
1497 855 1233
422 855 1497
695 853 855
695 855 852
853 852 684
852 855 422
422 684 852
824 854 853
854 852 853
852 854 695
854 1621 695
853 695 1621
866 853 1621
824 853 866
1621 854 866
824 825 854
684 170 1686
1686 869 684
2151 869 868
869 2151 684
825 824 869
825 869 2150
2150 696 825
696 697 825
696 869 697
697 1686 825
825 1686 1525
1525 1686 696
1494 696 1686
2150 1525 696
1494 869 696
869 1494 2150
2150 1494 1525
1494 1686 1495
1686 2151 1495
170 2151 1686
697 869 1686
170 1497 1494
1497 1496 1494
610 1285 1781
253 1195 1781
1781 1878 253
719 252 1878
252 253 1878
1195 1259 1432
1195 1432 719
1259 253 719
253 980 719
691 1007 1227
691 747 1007
1346 1934 1975
2116 1975 2046
2046 1186 2116
1186 1599 2116
2051 1975 2050
2116 2050 1975
1186 750 1599
598 597 2047
598 892 2048
597 598 2048
1440 2048 892
1341 1346 2051
896 1341 1440
911 896 1440
896 911 897
2092 834 1232
1232 834 438
833 439 438
833 324 439
324 1665 1925
1493 1925 557
557 1665 1811
2042 557 1811
2042 1917 557
1917 2042 2027
1917 2027 742
742 629 745
741 629 1622
741 874 1461
1461 874 1435
1861 1436 1435
1861 1435 1870
1870 1435 810
1861 1870 811
1861 811 810
1861 1919 1436
1436 1481 1544
2043 1435 1436
2044 2043 1436
1544 2044 1436
2044 1544 820
820 819 1713
819 820 1180
1779 1180 820
1481 1766 1544
585 1176 1544
1176 585 1239
1176 1239 1170
931 1170 1239
1239 2111 931
1239 764 2111
767 744 764
767 764 1566
744 562 1644
1644 764 744
1644 1770 764
848 1666 846
1666 1665 846
846 845 848
848 845 1274
1274 1770 848
1274 764 1770
1274 2111 764
847 2111 1274
845 499 847
633 847 499
232 499 1190
1190 833 834
834 2133 447
438 834 833
833 1190 2036
833 2036 324
499 324 2036
1190 499 2036
499 845 846
846 324 499
1665 324 846
1925 1665 557
537 2042 1811
2027 2042 537
742 748 629
748 1622 629
1622 875 741
874 875 1567
875 767 1567
874 741 875
1446 874 1567
1446 1780 1573
677 1446 1573
1446 1096 874
1435 874 1096
1435 1096 810
810 1096 1861
1096 1919 1861
1919 162 811
1434 811 2027
2027 537 1434
1434 537 538
810 811 1434
1919 1434 136
1919 810 1434
1870 810 1919
1870 1919 811
1919 1769 1436
1766 1481 136
1566 1544 1766
585 1544 1566
585 764 1239
1566 764 585
767 1566 1567
744 748 340
744 340 562
562 1774 1644
1770 1774 730
1774 1770 1644
1666 848 1770
1666 1769 1481
1769 136 1481
1436 538 1481
1481 538 1666
538 537 1666
1811 1666 537
1666 1811 1665
538 1436 136
1919 136 1769
1766 1436 1769
1436 1766 136
1766 1769 1770
1770 730 1766
730 1354 1766
1767 1773 1766
1773 1566 1766
1773 1567 1566
744 875 748
1622 748 875
742 162 748
162 742 2027
162 2027 811
162 1743 748
1743 340 748
562 339 1774
339 677 1774
1773 1767 1774
1767 1354 1573
1780 1767 1573
677 1767 1780
1773 677 1780
1774 677 1773
1446 1773 1780
340 677 339
677 340 1743
1743 1446 677
1743 1096 1446
162 1096 1743
929 162 1919
929 730 162
929 1354 730
1919 1096 1354
1096 1573 1354
730 1573 1096
730 1096 162
1573 730 677
730 1767 677
1774 1767 730
1919 1354 929
340 1567 562
562 1567 1773
1446 339 1773
1773 339 562
1446 1567 340
1446 340 339
1354 1767 1766
875 744 767
538 136 1434
1666 1770 1769
847 1274 845
1435 2043 1461
675 286 676
285 286 682
675 682 914
675 914 286
286 914 682
681 286 285
694 229 230
230 681 694
229 694 823
229 823 540
582 681 540
823 582 540
694 681 582
823 694 582
171 231 168
231 171 239
168 231 202
1273 1787 1820
864 2055 1627
317 1392 1421
1748 1745 1842
328 327 1748
1264 1392 877
1505 1379 1311
1111 1836 1918
1261 1111 1883
1883 890 1261
922 1550 392
392 1601 922
1146 1562 336
2047 597 627
447 232 834
1190 834 232
1225 1864 1219
1219 1062 1225
1219 417 1062
1225 1062 819
1062 770 1702
770 766 1702
766 770 759
759 760 766
760 121 765
760 765 766
1560 1557 645
644 1560 645
1560 644 1049
643 644 645
644 643 743
579 644 743
580 579 601
579 580 494
579 494 571
571 494 570
572 571 570
576 572 575
576 571 572
576 577 345
330 577 578
578 577 1181
1181 577 576
575 1181 576
570 601 572
572 746 1605
746 572 743
743 572 611
1605 575 572
763 1478 1605
1478 1234 1605
1417 394 393
1419 393 279
1419 279 1793
1419 1417 393
394 1417 1422
394 1422 1478
1417 1479 1422
1415 1479 1416
351 1415 352
351 347 551
347 409 551
1866 409 190
1866 190 1974
1963 1536 2127
1963 1456 1536
2127 1536 351
351 551 2127
1456 1963 886
883 886 882
445 883 1457
1456 883 445
607 1457 883
882 607 883
607 882 885
607 885 1504
606 607 1504
544 606 1504
544 1048 545
545 1048 2126
545 2126 1661
1407 545 1661
605 2169 1364
1364 2169 2126
1185 2126 1048
1691 1185 1048
1185 1691 437
1185 437 1761
803 2083 1761
2083 1500 1520
2120 2083 1520
1752 1951 1184
341 1184 1951
341 1951 1753
1753 1521 341
807 2073 1521
2073 1482 1521
1894 1521 1482
1894 809 1521
1846 1894 1482
1846 1527 1894
313 808 1527
1527 808 809
2072 341 809
1375 809 341
1527 809 1894
1375 1521 809
1375 341 1521
341 2072 1184
604 1903 605
1425 1903 1238
1903 263 262
738 1896 1662
1662 1660 262
1134 1958 99
115 109 114
116 117 115
116 85 1477
1477 2065 116
1483 1685 1104
1656 1104 1685
1484 1483 1104
2005 1483 1807
1924 659 1851
659 1924 1704
157 1529 154
2049 154 1874
154 1704 1874
1468 1469 154
1468 154 2049
348 1543 1465
1465 1543 668
1304 1205 1652
88 89 1205
87 89 88
88 90 87
89 87 18
89 1652 1205
857 1871 1652
1652 89 39
18 39 89
19 326 39
1620 39 326
326 1676 1620
1933 1620 1676
1677 1796 326
1796 1712 326
326 1712 1676
1933 1676 1711
1676 1712 1711
1710 1711 1712
1710 1712 729
1711 1511 1933
1709 1620 1933
1709 804 287
1709 1933 804
1933 634 804
1664 804 805
805 256 1664
805 2145 256
805 806 2145
1537 561 2145
4 1537 2145
70 4 2145
4 70 2
68 2 70
68 70 69
69 71 68
69 72 71
20 2 68
68 71 20
20 71 54
2 20 54
54 3 2
2 3 4
3 1537 4
1537 3 2078
1537 2078 1957
517 1537 1957
54 2078 3
520 997 998
1336 992 997
520 1336 997
1336 520 903
1336 289 992
1555 289 1336
1555 1336 1921
2080 1555 1921
2080 1921 2030
1630 1629 2080
1630 2080 1556
1556 2080 2182
475 1630 1556
2182 2080 475
475 2080 2097
2081 2097 2080
2081 2080 2030
2081 2030 454
454 2030 1911
2030 291 1911
360 291 2030
783 291 360
360 784 783
779 783 784
783 511 291
1351 512 2146
1351 1695 512
1696 1695 1571
1695 1351 1571
1694 291 1695
1695 291 511
511 512 1695
1694 1747 291
1747 1694 1845
1845 859 1747
2147 1747 859
292 2147 859
1845 2147 292
859 150 292
1746 859 1637
1637 1911 1746
1911 491 454
1716 491 492
1343 2140 492
1263 492 2140
1716 492 1263
1716 1263 1828
1828 1263 2138
1985 1828 2138
1985 2138 1840
1840 1291 1985
838 1840 2138
1840 838 839
1291 1840 839
838 1263 839
839 1263 1946
1509 839 1946
1509 1260 839
1946 1263 2140
1946 2140 715
1509 1946 715
1509 715 1563
714 1563 715
714 715 711
714 711 710
706 714 710
418 707 709
158 709 2018
158 165 709
709 165 418
706 705 265
706 265 717
714 706 717
714 717 1563
1576 982 1563
1576 717 1568
266 717 265
266 1568 717
716 705 710
710 705 706
418 710 707
418 716 710
418 165 1316
1317 1316 165
712 1317 165
713 1244 712
713 1345 1014
1342 1014 175
176 1714 1342
176 2146 1714
1342 1714 828
1430 828 1714
1430 1714 210
209 548 210
1053 1052 135
812 1052 2086
1910 812 2086
1137 1910 1019
723 1908 1137
1910 1137 1908
2026 723 1137
723 2026 1288
724 720 723
724 721 720
2070 1021 721
1812 1021 1823
1636 1812 1524
1823 1524 1812
1133 1636 757
1133 722 1636
1636 722 1812
1636 1574 757
367 757 1574
366 1928 367
225 367 1574
226 225 1574
228 227 225
225 212 228
1900 227 1708
1900 1708 658
1347 1523 658
1547 1522 1523
1522 1547 660
1522 1802 2060
2060 1802 1801
1801 1802 1450
1522 660 1802
660 1806 1802
1806 1788 1802
665 664 1788
1004 665 1788
1788 773 1004
1004 773 1693
1996 1004 1312
1996 1488 1612
2121 1235 1488
2016 1488 1235
2016 1155 1488
2016 1409 1155
1609 1583 1409
1583 1609 1075
1075 1860 364
1860 1163 364
1754 365 1492
718 1778 1754
1492 718 1754
1492 1983 1931
1269 1492 1931
718 1492 1269
2094 991 718
718 991 1778
2094 939 1830
916 2094 2095
2095 1690 916
1690 919 916
1690 1791 919
1791 1690 1295
2077 1791 1295
787 2077 1295
787 940 2077
1791 2077 940
309 1791 940
641 1590 309
1618 1472 1148
1148 1472 642
1472 640 642
1148 642 1835
1602 2090 1618
1775 1618 2090
2181 494 2090
2181 2179 494
1697 494 2179
1697 1475 835
1180 1864 1225
1475 1835 1864
1835 1149 1148
1148 1149 1602
1849 1602 1149
2179 2015 1149
1464 1602 1849
1849 2015 1464
1464 2015 1672
1464 1672 2179
2179 1672 2090
2179 2090 1602
2015 2179 1602
2179 2181 1464
495 1464 2181
495 2181 1672
494 495 1775
1775 495 1672
1775 1672 1602
1463 1775 1602
1463 1602 1464
495 1463 1464
1672 2015 1602
2181 2090 1672
1475 2179 1835
2179 1475 1697
1835 2179 1149
1775 2090 494
1149 2015 1849
642 1864 1835
532 1219 1864
417 247 1062
1062 247 1063
1560 759 1063
1275 1560 1063
247 1216 1275
1560 760 759
759 770 1063
1062 1063 770
760 1560 1049
1557 1560 427
1216 746 1558
746 1216 1605
1558 746 645
1557 1558 645
643 746 743
611 601 579
609 580 601
572 601 611
743 611 579
643 645 746
763 1605 762
763 761 698
394 763 698
1189 1865 698
1251 1865 1189
1865 510 698
698 510 395
395 394 698
1478 763 394
393 394 395
651 393 395
1072 1145 652
1072 1144 1145
1072 1980 352
393 651 652
1145 279 393
280 279 1145
1805 279 280
1805 280 1144
1144 1418 1805
1416 1418 1144
1805 1418 1793
1805 1793 279
1419 1416 1417
1144 352 1415
1415 1416 1144
347 352 1980
1171 347 1980
409 347 190
275 1974 190
1974 1679 371
371 374 1974
1724 1866 1974
1866 1724 884
882 1866 884
551 409 1866
1866 1963 551
2127 551 1963
886 1963 1866
886 1866 882
885 882 884
885 546 1504
546 885 884
1504 546 544
546 1046 544
1691 1048 544
1499 437 1691
1761 437 803
383 1501 802
2141 802 2142
2141 2142 2153
2153 1970 1519
2141 2153 1519
802 2141 2120
1500 2120 1518
802 1500 2083
1500 802 2120
1520 1500 1499
1518 2120 1520
1519 1518 2141
1184 2141 1518
1519 1831 1502
1519 1502 1501
1519 1501 1499
1500 1519 1499
1518 1519 1500
1499 1501 2128
1691 1520 1499
1691 1175 1520
544 1175 1691
1518 1520 1175
1518 1752 1184
1951 1752 1991
1753 1951 1097
1752 1753 1097
1097 1991 1752
1752 1175 1753
1175 1521 1753
544 807 1175
544 1046 807
1192 1765 192
1193 1192 192
444 1192 1789
1765 1192 444
1765 2134 1997
2134 1786 1997
1765 1997 1534
807 1046 1997
1978 807 1997
1175 807 1521
1482 808 807
809 2073 807
809 807 2072
2072 807 808
808 2073 809
808 1482 2073
404 313 1482
404 1482 807
807 403 404
1482 313 1527
1527 1846 1482
313 2072 808
313 1977 2072
686 1365 1364
604 1364 1365
1365 1238 604
1238 1302 1438
1425 1238 1438
1218 1438 1437
1438 1218 1426
1426 1425 1438
1424 2129 2114
263 1424 2114
679 263 2114
263 679 738
1731 736 738
1731 1277 936
1731 936 736
1764 2038 736
1763 1879 1764
1764 1879 699
1659 1764 699
1659 1772 1764
1764 1772 2038
1772 738 736
1772 1958 738
1896 738 1958
99 1958 106
99 106 102
109 102 106
106 114 109
106 1965 114
1965 1901 110
112 91 110
110 85 1965
85 114 1965
114 85 116
114 116 115
2065 2136 1657
2136 1248 1657
1248 1005 1657
1005 901 1657
446 901 1005
1657 901 1740
1740 1105 1657
1657 1656 2065
2065 1656 1685
1656 1657 1104
1154 1484 1106
1483 1154 155
1807 1483 155
1807 155 2005
2049 156 613
1468 2049 613
613 80 1468
1468 80 1467
1467 80 786
1467 786 348
786 785 348
668 815 1304
815 978 1304
1205 1065 88
1065 774 88
88 774 86
51 90 88
51 88 86
18 51 86
86 19 18
19 39 18
326 19 86
1677 1615 1616
1796 1677 1616
1687 1796 1616
1687 729 1796
1712 1796 729
1687 728 729
1995 728 1687
1355 1995 1687
1241 1995 1355
965 295 728
728 1995 965
729 728 1710
728 1575 1710
1710 1575 1711
1575 1511 1711
1933 1511 634
634 805 804
805 634 806
806 70 2145
735 69 70
735 70 634
735 634 1572
1511 1572 634
634 70 806
735 1572 1856
1572 1511 1856
735 1856 1348
69 1348 72
69 735 1348
71 72 54
72 1016 54
1016 2078 54
1016 72 1157
72 1348 1157
1016 1157 2112
1157 1156 2112
2112 2078 1016
1017 1957 2078
1957 903 520
520 517 1957
903 904 1336
1395 1336 904
1395 1394 1336
1395 904 1739
1394 1268 1921
1394 1921 1336
2030 1921 360
1268 1394 359
1268 359 360
1287 359 463
1287 784 359
359 784 360
511 783 753
753 783 779
753 708 754
1018 754 708
512 511 754
1549 2146 512
1549 1993 210
210 1993 1019
1022 1019 1993
1019 1910 2086
1882 1137 836
708 1882 836
708 753 779
1882 708 779
2026 1137 1882
798 799 1288
799 1959 1288
1288 1959 724
1288 724 723
1021 1855 1823
1854 1574 1636
1635 1854 1636
1636 1524 1635
1854 226 1574
1640 226 1854
225 226 212
226 1640 201
226 201 1708
1708 201 123
227 226 1708
214 226 227
1580 1708 233
1580 233 1824
658 1708 1580
1347 658 1580
2061 1347 1912
1347 2061 1523
1523 2061 1547
1806 1804 442
1806 442 1788
773 1788 442
1384 773 442
1489 1693 773
1658 1004 1693
1658 1312 1004
1658 851 1312
851 758 1312
1312 758 1538
1538 2172 1312
2121 1312 2172
1996 2121 1488
1312 2121 1996
1235 2121 1592
1235 1592 2156
2016 1235 1608
1409 2016 1609
2016 1608 1609
1609 1608 906
906 1075 1609
1860 1075 1069
1163 1860 1069
1069 1075 906
977 1069 906
364 1163 1777
364 1777 1776
365 364 1776
346 365 1776
365 346 900
1116 900 346
346 2135 1116
2135 346 1809
346 1810 1809
2157 2135 1809
1116 2135 2157
1809 2118 2157
1423 2157 2118
790 1116 2157
789 1116 790
789 900 1116
789 1983 900
900 1492 365
364 365 1754
900 1983 1492
1269 1931 1821
718 788 1060
794 1060 788
792 796 794
796 787 1295
787 861 940
940 496 309
496 940 861
496 861 862
1971 309 496
309 1971 641
1472 1187 640
640 641 1164
532 640 1219
532 642 640
642 532 1864
1219 1220 417
247 417 1216
417 1064 1216
1216 762 1605
1275 1216 427
1275 427 1560
1558 1557 427
1216 1558 427
762 761 763
698 771 1189
1251 1189 2119
2119 1070 1251
1251 1070 1252
1191 1865 1251
1252 1191 1251
1865 726 510
510 651 395
1191 1552 1171
1252 1460 1191
1252 1070 1460
1071 1460 1070
1071 1808 1460
1460 1552 1191
1552 1893 347
347 1171 1552
190 347 1893
1679 1974 274
1974 374 1531
1724 1974 1531
192 1724 1531
1462 1724 192
884 1724 1462
1046 546 1534
1997 1046 1534
1765 1462 192
1765 1534 1462
1033 192 275
275 377 1033
192 1033 1193
1893 1789 190
1192 190 1789
377 275 190
371 1679 376
379 374 373
814 371 373
379 373 371
379 371 376
374 371 814
814 373 375
814 375 379
814 379 376
814 376 374
375 374 376
1679 375 376
379 375 1679
379 1679 274
274 1531 379
192 1531 274
379 1531 374
274 275 192
1033 377 190
190 1193 1033
1192 1193 190
1462 546 884
546 1462 1534
374 375 373
275 274 1974
1893 1552 1670
1670 1789 1893
443 1789 1092
1789 1670 1092
1561 1623 1092
443 1092 1623
444 1789 443
443 1892 444
2134 444 1892
444 2134 1765
1786 1785 1997
1785 1066 1978
1997 1785 1978
1978 1977 403
313 404 1977
403 1977 404
2072 1977 686
581 2074 1977
2074 686 1977
1331 2074 581
685 686 2074
1365 686 685
1365 685 1238
1238 685 1302
1437 1438 1302
1218 1437 568
568 1426 1218
1426 568 2129
1424 1425 1426
2129 1424 1426
2129 401 1973
2129 568 401
401 1751 1973
2114 2129 1973
2114 1972 679
679 829 738
738 829 1731
1277 2171 936
2171 1905 936
936 2105 2104
936 2104 736
2104 1762 1764
1762 1763 1764
505 1763 1762
937 699 928
928 908 925
908 927 925
1382 1047 793
793 1905 1382
1905 2171 1382
1920 1382 2171
928 1382 1920
928 927 1382
927 1047 1382
793 927 928
793 928 1762
928 925 1762
925 505 1762
699 1762 2104
699 2104 1659
937 1762 699
1762 937 2105
2105 937 1659
2104 2105 1659
1772 830 678
678 1958 1772
1901 1958 678
1901 106 1958
106 1901 1965
678 680 1901
680 1902 1901
111 110 1901
111 112 110
113 112 111
113 111 84
103 113 84
84 91 103
85 91 84
110 91 85
1477 85 2122
84 2122 85
2136 1477 2122
2122 1248 2136
446 1005 1553
902 1740 901
1740 1741 1105
1657 1105 1104
1104 1105 1106
1443 1646 1301
1646 1533 1301
1356 1443 1301
1356 1301 534
2017 1740 1356
2017 1356 534
2017 534 1740
1740 1443 1356
1553 923 446
1106 923 1553
1154 2054 1246
1247 1154 1246
155 1154 1247
2054 1154 1553
1154 1106 1553
155 156 2005
1874 156 2049
1874 2005 156
785 786 1262
1848 555 785
1262 1848 785
1262 1153 1848
1848 1153 549
1848 549 972
1848 972 555
785 555 1444
1540 1444 1224
785 1444 1539
1543 785 1539
348 785 1543
1543 816 668
816 817 815
978 815 817
458 978 817
1539 1540 817
816 1539 817
1543 1539 816
1540 1539 1444
817 1540 1131
458 817 1886
1058 458 457
457 2040 208
2107 457 208
2107 208 555
555 1058 2107
457 2107 1058
458 1058 978
1065 1304 978
1065 1205 1304
1065 300 774
774 300 303
86 774 775
326 86 1677
1677 1701 1615
567 1616 1615
558 2149 2028
558 2028 2131
407 315 558
407 558 408
315 2149 558
315 237 2149
237 567 2149
567 1615 2149
1010 1616 567
1616 1010 2023
1616 2023 700
1616 700 1687
145 283 1687
1687 283 1241
1687 1241 1355
2071 2008 1995
1995 2008 222
1995 222 547
547 967 1995
843 967 547
843 547 2012
222 2008 547
2012 547 2008
674 2012 2008
674 1241 1945
674 1945 2012
1945 841 2012
841 2071 2012
2012 2071 1995
843 2012 1995
841 843 1995
1995 1241 841
841 1241 2071
674 2071 1241
674 2008 2071
1034 1945 1241
2024 1034 1241
1034 2024 318
318 2024 145
320 294 318
702 1856 320
1856 294 320
965 294 295
294 965 967
843 294 967
841 294 843
1945 294 841
294 1034 318
1945 1034 294
965 1995 967
295 1575 728
294 1856 1575
1856 1511 1575
1265 1348 1856
1157 1348 1726
1726 1158 1159
1159 1157 1726
1159 2113 1156
1159 1156 1157
2113 725 1156
2113 1989 725
1017 2112 298
2078 2112 1017
904 1017 1739
903 1957 904
1017 904 1957
1394 1395 359
1395 463 359
1287 463 725
1287 725 1989
1289 1287 1989
1287 2026 784
1882 784 2026
779 784 1882
1287 1288 2026
1289 1288 1287
1289 798 1288
2113 798 1289
1289 1989 2113
2113 797 798
2164 1855 799
798 2164 799
799 1855 1433
721 1959 799
799 2070 721
1433 1021 2070
1433 1855 1021
1109 1823 1855
1524 1823 1109
1524 234 1635
1854 1635 236
1212 201 1640
123 1212 1640
118 123 1640
1854 565 1640
1640 565 1639
1639 565 933
1639 431 118
204 1639 1895
128 1639 204
128 129 118
118 1640 128
123 118 237
1708 123 237
233 315 1824
1580 1824 1912
1912 1347 1580
2061 1912 1922
1922 1912 301
1922 354 1517
1547 1517 1862
2061 1517 1547
1517 2061 1922
1547 1803 660
1803 865 1806
1806 660 1803
1806 865 268
1806 268 1804
773 1384 1489
1489 1349 1693
1349 1350 1693
1693 1577 1790
1658 1693 1790
1376 2172 1538
2121 2172 152
2121 152 1592
1376 2156 1592
518 2106 1376
851 518 1376
851 2087 518
758 851 1376
1376 2106 1909
1376 1909 2156
1909 1546 2156
1546 1235 2156
1546 381 1235
1231 1235 381
1231 1608 1235
1231 381 2009
2009 505 976
1231 976 977
1231 2009 976
906 1608 977
977 976 1858
977 1858 1069
1069 690 687
687 1163 1069
2160 1777 1163
1776 1777 2160
623 1776 2160
436 1502 623
382 1502 436
623 1502 1606
1606 1776 623
1606 1810 1776
1809 1810 1593
2157 1423 2037
2157 2037 790
795 790 2037
795 2004 1459
1561 2004 1623
443 1623 1624
1890 1784 2134
1786 2134 1784
1784 1890 1423
1624 795 2037
2004 795 1623
795 1624 1623
443 1624 1892
2134 1892 1890
1423 1890 2037
1890 1624 2037
1890 1892 1624
1588 1784 1423
1784 1588 1785
1785 1786 1784
414 1066 1979
1978 1066 414
413 1978 414
413 1977 1978
413 581 1977
581 413 414
2154 581 414
1979 1795 1331
1628 1795 1330
1628 1330 581
1330 1331 581
581 2154 1881
2154 1331 1330
2154 1330 1881
1795 1881 1330
1303 1593 402
402 406 1628
1628 1881 402
581 1881 1628
406 563 1331
563 1302 1331
1437 563 568
1998 568 563
1998 563 1858
1998 1858 976
1998 976 224
401 568 1998
401 1998 272
1751 401 272
1973 1751 1972
1972 1751 947
1972 947 946
1972 946 1206
1498 679 1972
1206 1498 1972
831 680 830
831 830 281
1206 680 831
831 281 1498
281 679 1498
1206 831 1498
281 829 679
281 1067 829
1731 1833 1277
829 1833 1731
1833 829 1067
281 1833 1067
830 1833 281
1833 830 1277
1277 830 1772
1659 1277 1772
830 680 678
1277 1906 2171
1905 1906 937
1905 937 936
1762 2105 936
1762 936 793
793 936 937
793 937 1920
937 928 1920
1659 937 1277
1277 937 1906
1920 1905 793
1905 1920 1906
1906 1920 2171
1901 1902 111
111 1902 1151
1667 111 1151
1667 1151 1385
1667 84 111
964 2122 84
2122 1270 1248
478 1005 1248
478 1248 1305
1305 1248 1600
1306 1305 516
516 1990 1306
534 1990 516
1306 478 1305
479 1005 478
479 1553 1005
1306 1307 478
2019 478 1307
1307 479 2019
2019 479 478
1301 1990 534
1741 174 1105
1740 534 1741
174 1646 1105
1106 1105 1646
1646 174 1533
1577 2056 1790
1533 2056 1577
1634 1577 1693
1693 1350 1634
1301 1533 1577
1634 1301 1577
1307 1301 1634
1301 1307 1990
1307 1306 1990
2054 1388 1389
96 1247 97
96 97 95
613 155 1247
1247 96 613
95 40 96
80 613 96
613 156 155
41 786 80
1262 786 41
1262 41 94
1153 1262 94
972 549 1541
972 1541 2076
971 972 416
971 555 972
971 1027 555
2174 555 1027
208 2174 1027
208 1027 1026
208 1026 555
1444 555 1026
1026 1027 457
1026 1671 1444
208 1058 2174
555 2174 1058
1444 1445 1224
673 817 1798
1886 1797 1173
1797 1886 817
1240 1173 1797
669 2102 670
669 1240 2102
2102 1240 1797
971 2167 1173
2167 2185 1173
1445 1173 2185
1886 1173 1445
1445 2185 1953
1172 1953 2185
1445 1027 1172
1172 1027 1953
1953 1027 971
2180 1953 971
2180 971 1172
2185 2180 1172
2180 2185 2167
458 1886 1172
458 1172 2040
2040 1027 458
457 458 1026
457 1027 2040
458 1027 1671
1026 458 1671
1172 208 2040
2068 1815 208
208 1815 1058
1954 307 308
2007 1954 308
1954 2007 1815
300 2007 308
1815 978 1058
1815 1065 978
1815 2007 1065
1065 2007 300
312 303 300
305 312 300
304 300 308
304 305 300
305 306 312
1701 86 775
1701 2028 1615
2149 1615 2028
2028 1863 2131
1701 1863 2028
1863 1215 2131
1215 306 407
408 1215 407
407 1824 315
237 288 567
1010 1814 319
318 319 284
1816 1010 319
1813 1816 319
1816 702 2023
1010 1816 2023
2023 319 1371
1371 318 2023
1813 318 284
1009 1813 284
319 1817 284
1009 1818 1651
1818 781 1651
1651 1814 1009
319 1814 566
567 566 1814
319 566 1817
1817 566 1818
1818 1647 1817
782 1647 1818
288 1647 567
1647 566 567
288 933 768
237 933 288
768 933 432
780 1223 768
1223 780 2159
288 768 2159
780 288 2159
782 288 780
1223 288 782
1223 1647 288
1648 1817 1647
1817 1648 1009
2011 284 1817
2183 2011 1817
1648 2011 1009
284 2011 1648
284 1648 1223
2183 284 1223
2183 1223 2011
1223 1009 2011
1818 566 781
782 781 566
1647 782 566
782 1818 1223
1223 1818 1009
2159 768 1647
2159 1647 1223
1647 768 1648
768 1223 1648
780 781 782
781 1011 1651
567 1651 1010
1651 1011 1010
1009 1010 1011
1009 1011 1816
1816 1011 702
702 318 1813
565 1011 781
932 565 781
768 932 780
933 237 431
932 432 933
432 430 768
430 432 237
118 430 237
118 431 430
118 119 1639
233 237 315
118 129 119
1744 119 129
1744 129 194
194 1639 1744
194 477 1639
1895 1639 477
119 1744 1212
1895 2152 1212
1895 1212 1681
1895 1681 204
1212 2152 204
2152 128 204
128 119 1212
119 128 2152
1639 2152 1744
1639 119 2152
1212 123 129
1212 129 128
201 129 123
201 211 129
207 129 211
129 207 204
207 1212 204
201 1212 207
212 207 198
228 212 214
214 201 207
212 226 207
228 214 227
226 214 207
211 214 198
201 214 211
211 215 207
213 207 215
193 215 211
193 211 198
193 198 213
204 213 215
220 204 194
194 213 220
193 213 194
193 194 129
204 193 129
204 1681 194
194 1681 477
477 1681 1744
1744 1681 1212
1895 477 1744
1744 2152 1895
204 215 193
204 569 213
220 213 1859
1859 213 569
569 219 1859
1859 219 220
569 220 219
569 204 220
198 207 213
212 198 214
565 932 933
565 235 1011
1011 235 968
968 1265 1011
1011 1265 702
1265 1856 702
700 702 320
700 1371 145
1687 700 145
318 145 319
1371 319 145
318 1371 320
700 320 1371
318 700 2023
700 318 702
1265 968 1348
1726 1348 968
1726 968 1158
235 1158 968
235 797 1158
1158 797 1159
2113 1159 797
725 298 2112
299 725 463
298 299 1739
1017 298 1739
298 725 299
463 1395 299
1395 1739 299
2164 798 797
234 2164 235
234 1109 2164
2164 1109 1855
799 1433 2070
1524 1109 234
234 236 1635
565 1854 236
565 236 235
2164 797 235
234 235 236
431 1639 933
431 932 430
432 431 237
432 932 431
768 430 932
780 932 781
1813 2023 702
1813 319 2023
1813 1009 1816
1814 1010 1009
2183 1817 1009
567 1814 1651
1009 284 2183
2110 1824 407
2110 1912 1824
301 662 354
662 1941 354
670 354 1941
301 354 1922
670 2102 354
354 2102 1517
662 661 1941
661 307 666
666 307 671
661 669 670
661 666 669
666 2068 669
208 669 2068
1173 1240 208
1886 1445 1172
1172 1173 208
1240 669 208
1815 2068 1954
1954 2068 666
666 671 1954
1954 671 307
306 1863 312
312 1863 1701
775 312 1701
775 303 312
305 304 306
304 662 306
407 306 2110
1912 2110 662
301 1912 662
670 1941 661
662 2110 306
661 662 304
661 304 307
307 304 308
1517 2102 1797
1803 1517 1797
1862 1517 1803
1862 1803 1547
1797 865 1803
865 1797 221
1799 268 865
353 1383 416
1384 268 1383
268 1384 1804
1383 356 1384
356 1489 1384
321 1349 1489
1738 1491 1388
2054 1389 1246
1891 1246 1389
541 97 950
97 1247 950
1246 950 1247
98 97 94
83 98 94
41 83 94
41 40 83
41 80 40
40 80 96
83 40 95
95 98 83
98 95 97
94 541 1153
1642 950 1891
1246 1891 950
1642 541 950
541 1152 1153
1153 1152 549
615 1987 1152
1541 1735 357
357 2076 1541
353 416 2076
1383 353 355
356 1383 355
356 355 322
322 355 1663
1987 357 1735
357 1987 1663
1735 1541 1987
2099 1663 1551
1987 1551 1663
2001 2099 1551
2099 2001 321
321 2001 1349
321 322 2099
321 356 322
1489 356 321
1663 2099 322
2013 1350 1349
2001 2013 1349
1491 1738 2013
1350 2013 1738
1307 1634 1388
1388 1634 1350
1388 1350 1738
1642 1491 616
1491 1642 1389
1491 1389 1388
1891 1389 1642
615 1642 616
1642 615 1873
1873 1152 541
1873 541 1642
1152 1873 615
1551 1987 615
616 1551 615
616 2001 1551
2013 2001 616
2013 616 1491
357 353 2076
357 355 353
1663 355 357
1799 971 416
1383 1799 416
971 1799 856
856 1799 221
971 856 1445
1445 856 672
971 1445 2167
1445 1953 2167
2180 2167 1953
1445 672 1224
1800 1224 672
1224 1800 1798
1131 1224 1798
1798 672 673
672 1798 1800
667 672 856
673 672 667
1797 673 667
817 673 1797
1797 1006 221
221 1799 865
268 1799 1383
1006 667 856
1797 667 1006
856 221 1006
1027 1445 1444
1027 1444 1671
972 2076 416
1541 1152 1987
1152 1541 549
94 97 541
1804 1384 442
1215 408 558
1215 558 2131
1215 1863 306
1701 1677 86
303 775 774
971 1173 1172
817 1131 1798
1388 2054 1553
1388 1553 479
1307 1388 479
1658 1790 851
2087 515 518
518 515 516
516 1758 518
560 1758 516
1758 2106 518
2106 974 1909
1546 1909 381
2009 381 1783
1858 690 1069
1858 563 690
406 690 563
406 405 690
690 405 975
687 690 2075
687 2075 688
688 1968 687
1969 687 1968
687 1969 2052
2052 1969 688
2052 688 1810
688 2075 1810
2052 1810 1606
1606 1607 2052
1358 1502 382
382 383 1358
2153 1938 1357
2153 2142 1938
1938 1502 1357
1357 1502 1358
1938 1719 1502
1502 1719 1501
1831 1606 1502
2153 1606 1831
1606 2153 1357
1831 1607 2153
1358 2153 1607
1607 1357 1358
1357 1607 1606
2153 1358 2025
1970 2153 2025
1969 2025 1607
1969 1607 1831
1969 1831 1970
1970 1968 688
1970 688 1969
1970 2025 1968
1968 2025 1969
1519 1970 1831
2025 2052 1607
2025 687 2052
2025 1163 687
436 623 1999
436 2128 382
2128 1719 382
1999 1358 383
1999 1163 1358
1163 2025 1358
623 2160 1999
383 802 803
437 1999 803
437 436 1999
383 2128 1501
2142 1501 1719
1719 383 2142
1938 2142 383
1501 2142 802
383 1719 2128
1938 383 382
1719 1938 382
1499 2128 436
436 437 1499
803 1999 383
1999 2160 1163
1810 2075 1076
405 410 1076
406 402 410
405 406 410
1593 410 402
1076 410 1593
1593 1810 1076
1809 1593 1594
1594 1593 2118
1809 1594 2118
2118 1303 1588
1303 1785 1588
1785 1303 1066
1979 1066 1303
1979 402 1881
1979 1331 2154
1979 1881 1795
2154 414 1979
1979 1303 402
1303 2118 1593
405 1076 975
2075 690 975
975 1076 2075
271 1998 224
271 1751 272
1751 949 947
271 949 1751
1078 949 948
1003 1078 948
948 947 1003
1003 947 270
1385 1487 1667
964 84 1667
2122 964 1270
1600 1248 1270
560 1600 1270
560 1270 487
516 1305 1600
560 516 1600
1758 2108 974
1758 974 2106
1909 974 381
974 1783 381
1783 683 1782
2109 1783 1782
505 2109 1879
907 506 505
907 505 925
1047 907 925
1411 506 907
1411 908 506
683 996 908
506 908 996
506 996 217
506 217 223
224 506 223
224 505 506
976 505 224
271 224 879
949 1315 946
946 1078 1206
1078 1003 1206
1902 1003 1151
680 1003 1902
1003 680 1206
947 949 1078
947 1078 1314
1314 270 947
269 880 270
879 880 269
270 1315 269
949 270 1314
949 1314 269
949 269 1315
1315 1314 1078
949 271 270
271 1315 270
946 1315 1078
1314 271 269
203 1932 879
203 832 683
683 1932 203
1932 2108 1734
880 879 1932
880 1932 1237
2079 1237 1932
880 1237 1610
270 880 1610
1151 1003 1385
1385 1003 1610
1385 1610 1487
1197 488 1487
1487 488 1667
1667 488 964
1982 1197 2079
1982 2079 1734
1982 487 1197
488 1270 964
1982 560 487
1734 1758 560
1982 1734 560
1734 2108 1758
2079 1932 1734
1932 974 2108
1783 974 683
683 217 995
996 1209 217
217 1209 995
995 1209 223
223 832 224
832 203 224
217 683 832
218 223 217
995 223 218
1209 832 223
218 832 1209
217 832 218
218 996 995
218 1209 996
1932 683 974
488 487 1270
1197 487 488
2079 1197 1237
1197 1487 1610
1197 1610 1237
270 1610 1003
879 269 271
879 224 203
271 1314 1315
946 947 948
948 949 946
683 995 996
683 699 1782
699 683 908
2109 1782 1879
505 1879 1763
699 908 928
907 908 1411
1879 1782 699
1047 908 907
927 908 1047
793 1047 925
925 927 793
505 2009 2109
2109 2009 1783
271 272 1998
1608 1231 977
516 515 534
515 1741 534
1741 2056 174
174 2056 1533
515 1790 2056
515 2087 1790
1741 515 2056
1790 2087 851
1973 1972 2114
1302 563 1437
1331 1302 2074
406 1331 1795
1795 1628 406
1302 685 2074
2118 1588 1423
1035 2168 1561
1561 2168 2004
795 1459 789
795 789 790
1035 1030 1459
1030 1032 1459
1459 1032 789
792 794 791
787 796 792
792 1030 787
1030 1808 1071
1030 1071 653
653 787 1030
787 653 861
654 862 653
862 654 496
654 653 1068
1068 653 1071
1070 1068 1071
1294 497 1070
1068 1070 497
497 654 1068
654 497 496
497 399 496
1162 496 399
1632 1162 399
2139 1162 1632
1632 399 771
1632 771 761
1165 1162 2139
1164 1220 640
1220 1219 640
1220 1064 417
1216 1064 762
1632 761 1633
1632 1633 2139
1220 1165 1967
762 1064 1967
1967 1633 762
1633 1967 2139
1967 1064 1220
1165 1220 1164
1967 1165 2139
761 762 1633
1165 1164 1162
496 1162 1971
1162 641 1971
641 640 1187
641 1162 1164
761 771 698
771 2119 1189
399 2119 771
2119 399 1294
399 497 1294
1294 1070 2119
862 861 653
1460 1808 1561
2168 1035 2004
2004 1035 1459
1030 1031 1032
179 1031 791
1031 1030 792
1031 792 791
1030 1035 1561
1808 1030 1561
1670 1552 1460
1092 1670 1460
1092 1460 1561
791 794 788
1876 791 788
1876 485 791
485 179 791
378 179 485
276 179 378
772 378 485
485 1876 1115
1135 1876 772
1135 1115 1876
1876 486 1136
1115 1136 486
1115 486 485
1115 1135 1136
1821 1136 1135
486 1821 1135
485 486 1135
1136 1821 772
1876 1136 772
1135 772 485
276 378 772
1821 276 772
179 1931 1031
1032 1031 1931
789 1032 1983
1983 1032 1931
1821 1931 276
1877 1269 1821
2022 1269 1877
788 2022 1877
788 718 1269
788 1877 1876
1877 486 1876
1877 1821 486
788 1269 2022
276 1931 179
346 1776 1810
1376 1538 758
2172 1376 1592
2172 1592 152
233 1708 237
1640 1639 128
1959 721 724
2112 1156 725
295 294 1575
283 2024 1241
2024 283 145
1131 1540 1224
668 816 815
902 446 923
901 446 902
1740 902 1443
923 1443 902
1106 1646 923
923 1646 1443
103 91 112
112 113 103
1764 736 2104
807 1978 403
726 1191 1171
1865 1191 726
726 1072 652
510 652 651
510 726 652
1980 1072 726
1980 726 1171
796 1295 1690
794 796 1060
2094 1060 2095
796 2095 1060
1690 2095 796
718 1060 2094
1018 708 836
1019 1022 836
1137 1019 836
1022 1018 836
512 1993 1549
1993 512 1022
512 754 1022
1018 1022 754
1019 2086 210
1549 210 1714
1430 210 548
1052 1053 2086
2086 1053 210
2146 1549 1714
753 754 511
1268 360 1921
256 2145 561
87 90 51
51 18 87
1874 1704 1924
1874 1924 2005
1484 1104 1106
1154 1483 1484
2065 1477 2136
2038 1772 736
1903 1424 263
1425 1424 1903
1752 1518 1175
1991 1097 1951
1184 2120 2141
2083 803 802
347 351 352
1072 352 1144
1419 1418 1416
1793 1418 1419
1416 1479 1417
652 1145 393
280 1145 1144
1275 1063 247
1618 1148 1602
918 916 919
1409 871 1155
1004 1612 665
1996 1612 1004
665 1374 664
1449 664 1374
1449 1374 1108
1057 1449 1108
1374 665 1612
1449 1057 420
1788 664 1802
1802 664 1450
227 1853 367
367 225 227
367 1853 366
2146 176 1351
1351 1570 1571
1696 1571 860
860 1571 1250
860 1250 2000
860 2000 859
1696 860 1595
1695 1696 1595
1595 858 1695
1694 859 858
859 1694 860
924 858 859
1845 924 859
858 1847 1845
1944 1847 858
1944 858 1595
1695 858 860
860 1694 1695
1595 860 924
1944 924 1847
1595 924 1944
860 858 924
1845 1694 858
1847 924 292
924 1845 292
282 292 150
150 1338 282
1847 282 1338
1847 1338 1845
1845 1338 2147
2147 1338 150
2147 150 1747
282 1847 292
1638 1637 2000
2000 1637 859
1638 1343 491
1637 491 1911
1343 492 491
173 1020 1343
1638 173 1343
173 172 1380
1343 1020 2140
2140 1020 715
1826 1825 715
711 715 1825
707 710 711
1516 711 1825
709 707 1516
2018 709 1516
158 2018 172
172 1986 158
2000 1986 172
1344 158 1986
1345 713 1344
712 158 1344
158 712 165
1344 713 712
1014 1345 175
175 1345 177
175 177 176
176 1342 175
1570 176 177
1571 1570 177
1638 2000 172
1638 172 173
172 2018 1380
1380 1020 173
715 1020 1826
1826 1380 1516
1516 1825 1826
2018 1516 1380
1380 1826 1020
1250 1986 2000
177 1986 1250
1986 177 1344
1345 1344 177
1571 177 1250
1570 1351 176
711 1516 707
491 1637 1638
1316 1319 1843
1316 1317 1318
2138 1263 838
475 1556 476
1556 2182 476
2182 475 1629
476 2182 1629
1629 475 480
480 450 1629
1629 450 290
1629 290 289
290 450 1554
451 450 480
449 450 451
451 480 452
452 480 1554
452 1554 450
452 450 449
449 451 290
452 482 451
480 475 476
517 520 514
287 804 1664
1652 668 1304
1483 1897 1685
1898 1685 1897
2065 1685 1898
117 109 115
117 102 109
99 102 92
92 102 82
604 1238 1903
886 883 1456
1422 1479 1428
1428 1478 1422
554 1428 552
1479 552 1428
494 573 570
1589 573 1697
576 345 571
571 345 579
345 644 579
345 1049 644
1183 105 108
502 1183 108
1183 502 1917
108 142 502
502 142 1194
140 142 143
143 138 140
1440 892 893
543 1397 1401
543 734 1405
1397 543 1405
1405 519 1408
521 1405 1400
1405 521 255
893 1117 1401
1401 1117 543
912 1117 1715
1403 1406 389
519 389 1406
1400 1300 1299
310 255 1402
391 910 911
1451 385 1396
385 314 1396
1396 1368 474
361 350 1008
1645 238 1792
180 1281 1720
507 343 739
1013 503 1929
503 1842 1929
1000 1264 1059
1398 1309 2035
1559 1398 2035
1514 1398 1559
1398 1245 1619
1399 628 1398
628 1399 1050
1245 1398 1514
1245 1514 663
922 663 1904
1961 1904 663
1961 663 200
1515 1559 2035
1000 2035 1309
200 663 1514
392 1883 1918
1904 1887 945
273 898 1822
580 609 1463
495 580 1463
1429 1472 636
636 635 1429
1429 1045 918
989 991 1830
1583 991 990
871 1473 1155
1339 1722 2060
755 658 599
1244 1391 1318
1318 1391 1750
1564 1318 1750
1750 195 1564
1469 1465 1653
2169 1660 1661
1452 2032 985
445 2032 1452
445 1452 1453
1428 574 1234
575 1234 574
489 1049 345
489 345 178
1367 1362 1107
649 533 2041
531 533 1012
533 649 1012
533 523 2041
1680 1024 959
1025 1680 962
248 257 1508
248 959 249
1582 1506 1281
958 960 952
1161 536 1045
1830 1447 989
1830 1829 1447
1617 872 990
1339 2003 1073
134 131 132
133 600 689
133 137 600
1542 250 251
250 264 251
297 47 57
650 297 57
650 1377 297
1101 1377 650
56 1101 650
55 1101 56
1102 1101 55
1102 55 1276
1102 1276 1591
1591 733 1102
637 733 1591
53 325 637
53 550 325
637 325 638
637 638 731
638 325 323
325 732 323
331 323 732
331 732 325
550 331 325
331 550 183
189 331 183
185 189 183
185 411 189
185 183 186
331 189 411
187 188 411
187 185 556
727 187 556
556 186 183
185 186 556
727 556 183
185 187 411
550 2088 183
1591 55 52
1276 55 1591
1470 701 1290
498 1290 1907
480 467 1554
302 1554 467
302 482 1554
466 472 461
472 467 468
460 468 467
1119 1899 464
1119 1127 1899
464 1899 1126
464 1126 470
913 1055 1054
1228 1706 1229
1707 1706 1228
1654 1228 1229
1324 1313 1229
1324 2115 1313
614 1352 873
1457 2034 2170
1596 1213 1386
1213 837 1386
1282 657 1199
1448 146 850
849 850 146
1015 1012 528
1373 206 1077
956 953 952
584 509 1393
509 242 1393
244 490 243
876 243 490
1221 1255 1733
199 1733 1255
199 1255 1956
338 332 130
2345 2303 2358
2294 2304 2272
2272 2304 2273
2295 2304 2310
2310 2304 2294
2310 2294 2345
2294 2303 2345
2368 2378 2358
2321 2264 2345
2264 2310 2345
2310 2253 2295
2264 2253 2310
2253 2273 2295
2252 2273 2253
2253 2237 2252
2237 2253 2238
2219 2238 2209
2238 2219 2237
2238 2264 2209
2264 2238 2253
2226 2209 2264
22 25 5
5 1 22
1340 888 1337
1169 2209 2210
2205 2210 2226
2352 2334 2333
2333 2379 2352
2379 2369 2352
2387 2369 2379
2311 2369 2387
1937 2311 2387
1480 1937 2205
2334 2352 2265
2333 2334 2192
2192 2239 2333
2334 2265 2192
2352 2311 2265
2311 2352 2369
2305 2210 2205
2305 2333 2239
2210 2305 2239
1253 2210 2192
2192 2210 2239
2311 1937 2202
2311 2227 2265
2192 2265 2227
2202 2227 2311
2240 2216 2227
2216 2192 2227
1253 2192 2216
2216 2240 2217
2254 2227 2202
1253 2216 2217
2393 2312 2202
2312 2393 2370
2202 2204 2393
2312 2370 2322
2241 2217 2240
2254 2241 2227
2202 2312 2266
2322 2359 2335
2353 2335 2359
2371 2353 2370
2201 2337 2203
2394 2339 2201
2322 2274 2312
2274 2266 2312
2266 2228 2202
2228 2254 2202
2228 2217 2254
2241 2254 2217
2082 2217 2218
2243 2218 2242
2218 2243 2211
2306 2287 2313
2306 2313 2360
2339 2338 2337
2337 2201 2339
2199 2394 2201
2394 2199 2380
2380 2362 2394
2339 2394 2362
2362 2354 2339
2339 2354 2340
2230 2306 2337
2338 2230 2337
2340 2324 2339
2339 2288 2338
2230 2338 2288
2230 2229 2306
2276 2306 2229
2306 2276 2287
2229 2277 2276
2277 2255 2276
2277 2243 2255
1369 2082 2211
2278 2230 2288
2288 2324 2278
2361 2354 2362
2381 2372 2199
2380 2199 2372
2341 2324 2340
2278 2324 2314
2230 2278 2244
2244 2231 2230
2211 2230 1370
2230 2211 2229
1369 2211 1370
2244 2279 2256
2279 2244 2278
2341 2362 2325
2314 2325 2362
2314 2362 2380
2372 2314 2380
2372 2381 2315
2314 2372 2315
2315 2289 2314
2289 2280 2279
2257 2280 2289
2231 2221 1370
2231 2245 2221
2245 2231 2244
2256 2245 2244
2280 2256 2279
2257 2256 2280
2232 2257 2289
2315 2346 2307
2363 2346 2381
2385 2363 2381
2381 2200 2385
2245 2257 2232
2257 2245 2256
2215 2221 2232
2258 2215 2307
2232 2307 2215
2308 2258 2307
2342 2308 2307
2307 2346 2342
2347 2342 2346
2347 2346 2363
2347 2388 2348
2198 2389 2200
1222 2198 2200
2347 2348 2342
2308 2342 2326
2297 2267 2308
2258 2308 2267
1706 2221 2215
1706 1002 2221
2215 2258 2212
2246 2212 2258
2258 2267 2246
2328 2327 2373
2327 2328 2290
2373 2382 2328
2197 2364 2198
2309 2364 2197
2364 2328 2382
2282 2281 2298
1229 2215 2212
2247 2212 2246
2212 2247 2191
2282 2246 2281
2246 2282 2268
2327 2282 2298
2328 2364 2234
2309 2197 2383
2383 2355 2309
2234 2364 2309
2290 2282 2327
2268 2247 2246
1229 2212 2191
2290 2268 2282
2268 2290 2247
2328 2283 2290
2365 2355 2383
2390 2365 2383
2383 2197 2390
2194 2390 2197
2365 2366 2343
2343 2329 2365
2365 2329 2355
2329 2291 2355
2309 2355 2291
2234 2283 2328
2233 1324 2191
2233 2191 2247
2247 2283 2233
2234 2233 2283
2235 2234 2309
2374 2343 2366
2366 2365 2374
2384 2374 2365
2365 2390 2384
2196 2390 2194
2375 2384 2390
2291 2329 2299
2291 2235 2309
2234 1324 2233
2291 2299 2284
2330 2299 2329
2329 2343 2330
2343 2374 2344
2330 2344 2374
2374 2384 2330
2375 2330 2384
148 2195 2196
2196 2195 2317
2330 2375 2316
2344 2330 2343
2292 2299 2300
2292 2284 2299
2235 2284 2259
2284 2235 2291
2236 1324 2235
2235 1324 2234
2236 2259 2248
2285 2259 2284
2286 2285 2300
2316 2300 2299
2299 2330 2316
2316 2196 2317
2193 2293 2195
148 2193 2195
2259 2286 2260
2286 2259 2285
2260 2248 2259
2249 2236 2248
2236 2249 2213
2248 2260 2249
2214 2260 2300
2260 2214 2261
2214 2317 2195
147 2220 2193
2349 2193 2376
2249 2260 2261
2115 1324 2213
2213 1324 2236
1103 2115 2213
1103 2213 2214
2293 2250 2195
2193 2269 2293
2269 2193 2301
2349 2376 2350
2318 2349 2319
2318 2301 2193
2318 2269 2301
2269 2250 2293
2250 2190 2195
1114 1103 2190
2190 2250 2223
2189 2223 2250
2250 2270 2189
2270 2250 2269
2320 2270 2319
2270 2320 2262
2271 2262 2320
2320 2356 2271
2356 2320 2350
2271 2356 2367
2331 2271 2367
2331 2367 2332
2367 2391 2332
2391 2188 2332
2188 2391 2220
2331 2224 2271
2262 2189 2270
2331 2251 2224
2332 2251 2331
1141 1147 559
1147 2188 559
1147 1123 2188
2188 2251 2332
2251 2188 2225
2262 2271 2224
2189 1114 2223
2223 1114 2190
1114 2224 1123
1123 1110 1114
2225 1123 2224
1112 1123 1147
2224 2189 2262
2224 2251 2225
2224 1114 2189
2225 2188 1123
559 2188 2220
2391 2367 2220
2220 2376 2193
2376 2220 2367
2367 2350 2376
2356 2350 2367
2319 2350 2320
2350 2319 2349
2269 2319 2270
2319 2269 2318
2318 2193 2349
2214 2195 1103
2214 2213 2261
2249 2261 2213
2190 1103 2195
2300 2317 2214
2317 2300 2316
2286 2300 2260
2196 2316 2375
2292 2300 2285
2284 2292 2285
2259 2236 2235
2196 1955 148
2194 1955 2196
2196 2375 2390
2197 1222 2194
2283 2247 2290
2382 2198 2364
2373 2327 2348
2348 2327 2298
2342 2348 2298
2326 2342 2298
2297 2326 2298
2326 2297 2308
2298 2281 2297
2281 2267 2297
2267 2281 2246
2382 2373 2389
1222 2197 2198
2389 2198 2382
2389 2348 2388
2348 2389 2373
1229 1706 2215
1002 1370 2221
2363 2388 2347
2388 2363 2385
2389 2388 2385
2385 2200 2389
2307 2232 2315
2232 2221 2245
2199 1074 2200
2200 2381 2199
2346 2315 2381
2289 2315 2232
2361 2341 2354
2340 2354 2341
2324 2341 2325
2325 2314 2324
2296 2314 2289
2314 2296 2278
2279 2278 2296
2289 2279 2296
2362 2341 2361
2231 1370 2230
1074 2199 2201
2324 2288 2339
2229 2243 2277
2229 2211 2243
2082 2218 2211
1236 2201 2203
2337 2306 2203
2360 2203 2306
2323 2360 2313
2336 2371 2323
2360 2323 2371
2371 2336 2353
2336 2335 2353
2217 2228 2218
2242 2218 2228
2242 2228 2266
2266 2274 2242
2275 2242 2274
2274 2287 2275
2313 2287 2274
2274 2323 2313
2323 2274 2322
2322 2335 2323
2336 2323 2335
2275 2287 2276
2242 2275 2255
2243 2242 2255
2276 2255 2275
2204 1937 2203
2360 2370 2393
2359 2370 2353
2370 2360 2371
2393 2204 2360
2203 2360 2204
2359 2322 2370
2240 2227 2241
2202 1937 2204
2387 2305 2205
1480 2205 2207
2209 2226 2210
2205 2226 2207
2379 2333 2305
2387 2379 2305
1937 2387 2205
1352 559 1617
1310 1352 1617
2034 1310 1569
2033 2034 1569
986 2033 1447
986 2186 2033
2123 986 1447
1992 2123 1447
1992 591 2123
1214 1992 2058
1386 1387 1412
2014 1386 1414
2014 1414 1643
1643 1414 1361
1361 1414 589
589 1414 1325
589 1325 1655
1655 1325 380
380 1325 813
813 1325 1327
813 1327 2161
1327 1888 2161
1888 1327 528
528 1950 844
1255 1079 1956
1079 1255 1080
244 1077 490
509 27 29
240 509 29
29 244 240
