1872 1202 0
23 0 1202
1292 1872 0
493 1202 1872
1869 493 1872
1203 1202 493
1947 1872 1292
21 1292 0
188 1872 1827
612 1827 1872
412 188 1827
1869 1872 188
415 1869 188
1868 493 1869
415 1868 1869
1203 493 1868
727 1868 415
187 415 188
187 727 415
818 1868 727
1203 1868 818
1028 818 727
1742 1203 818
1167 1203 1742
2155 1742 818
1169 1742 2155
1028 2155 818
1168 1167 1742
1867 1203 1167
1867 1202 1203
23 1202 1867
1258 23 1867
1 0 23
1258 1867 1167
887 1258 1167
2002 887 1167
888 1258 887
887 1055 888
1337 888 1055
1054 1055 887
1984 1258 888
1984 23 1258
905 23 1984
24 22 23
1 23 22
905 24 23
25 22 24
5 25 24
5 22 25
5 1 22
21 0 1
21 1 5
24 21 5
1907 1947 1292
612 1872 1947
1907 612 1947
412 1827 612
183 1028 727
2088 2155 1028
2219 1169 2155
2222 2219 2155
2209 1169 2219
1168 1742 1169
2238 2209 2219
2210 1169 2209
2321 2226 2264
2209 2264 2226
2345 2321 2264
2207 2226 2321
2205 2226 2207
2392 2207 2321
2206 1480 2207
2205 2207 1480
2392 2206 2207
2208 1480 2206
2085 1937 1480
2205 1480 1937
1530 2085 1480
1949 1937 2085
1236 2203 1937
2204 1937 2203
689 1236 1937
2201 2203 1236
1949 689 1937
600 1236 689
2201 1236 1074
600 1074 1236
2199 2201 1074
1222 1074 1073
1339 1073 1074
1450 1222 1073
2200 1074 1222
2198 2200 1222
2199 1074 2200
1955 2194 1222
2197 1222 2194
1108 1955 1222
2196 2194 1955
148 147 2193
2220 2193 147
2195 148 2193
1374 147 148
147 559 2220
2188 2220 559
1473 559 147
1569 1310 1617
1352 1617 1310
990 1569 1617
2034 1310 1569
1569 1447 2033
986 2033 1447
2034 1569 2033
989 1447 1569
2058 1992 1447
2123 1447 1992
1829 2058 1447
1214 1992 2058
1214 2058 1412
935 1412 2058
1387 1214 1412
1414 1386 1412
1387 1412 1386
1120 1414 1412
2014 1386 1414
1325 1414 941
1413 941 1414
337 1325 941
589 1414 1325
1327 1325 1326
337 1326 1325
1565 1327 1326
813 1325 1327
1950 1327 984
1565 984 1327
1948 1950 984
528 1327 1950
1888 1327 528
844 528 1950
1585 1956 1950
2059 1950 1956
1948 1585 1950
199 1956 1585
844 1950 2059
1079 2059 1956
1586 199 1585
1255 1956 199
1255 1221 1080
1875 1080 1221
1079 1255 1080
1733 1221 1255
1077 1080 1875
1759 1875 1221
1760 1759 1221
876 1875 1759
490 1077 1875
876 490 1875
244 1077 490
181 242 240
509 240 242
241 181 240
1393 242 181
29 240 509
1393 509 242
508 397 7
1121 397 508
400 9 1029
8 1029 9
398 400 1029
1390 9 400
957 17 956
953 956 17
1503 957 956
244 35 917
1077 244 917
917 1373 1077
206 1077 1373
1940 1373 917
206 1080 1077
1730 1080 206
205 1730 206
1332 1080 1730
1079 1080 1332
1841 1332 1730
973 1079 1332
1255 1079 1956
973 2059 1079
261 2059 973
970 261 973
249 2059 261
844 2059 249
1015 844 249
1015 528 844
1012 528 1015
1611 1888 528
649 1611 528
2161 1888 1611
1692 2161 1611
1327 1888 2161
1361 589 590
586 590 589
586 1361 590
1414 589 1361
837 1387 1386
1213 837 1386
1213 1387 837
1213 1214 1387
594 1992 1214
1613 594 1214
591 1992 594
592 2123 591
1992 591 2123
553 592 591
1454 2123 592
2123 1455 1334
1453 1334 1455
1453 1455 2123
1454 1453 2123
1452 1334 1453
985 2186 986
2033 986 2186
2187 985 986
2032 2186 985
2033 2170 2034
1457 2034 2170
2186 2170 2033
372 1310 2034
1457 372 2034
1254 1310 372
1141 1352 614
873 614 1352
873 1141 614
559 1352 1141
1147 559 1141
1617 1352 559
153 1114 1110
1123 1110 1114
164 153 1110
1113 1114 153
659 153 164
1124 164 1110
1103 1114 1113
659 1113 153
2115 1103 1113
2190 1114 1103
1529 2115 1113
2213 1103 2115
2191 1324 1229
1313 1229 1324
2212 2191 1229
2233 1324 2191
1253 2082 2098
1369 2098 2082
334 1253 2098
2217 2082 1253
1664 334 2098
1168 1253 334
2216 2217 1253
2218 2082 2217
1169 1253 1168
2210 1253 1169
2192 1253 2210
2002 1167 1168
997 1337 1055
913 997 1055
992 1337 997
1340 888 1337
1340 1984 888
905 1984 1340
1249 905 1340
1249 1340 1337
1044 1249 1337
992 1044 1337
467 1249 1044
1631 905 1249
1985 24 905
1291 21 24
1291 1292 21
1292 1471 498
1290 498 1471
1907 1292 498
1291 1471 1292
1129 612 1907
1290 1907 498
1256 1129 1907
1372 612 1129
1942 1372 1129
1377 612 1372
1378 1377 1372
1101 612 1377
1101 412 612
1102 412 1101
650 1101 1377
55 1102 1101
733 412 1102
1591 733 1102
731 412 733
411 412 731
637 731 733
1591 637 733
638 731 637
731 638 323
325 323 638
411 731 323
411 323 331
732 331 323
189 411 331
188 412 411
187 188 411
556 727 187
556 183 727
2088 1028 183
550 2088 183
74 2155 2088
550 74 2088
53 637 1591
325 637 53
293 49 297
1001 293 297
296 49 293
63 66 65
195 66 63
195 62 66
1278 62 195
64 62 1278
77 64 1278
79 77 1278
76 79 1278
76 78 79
1749 76 1278
1750 1749 1278
75 76 1749
2208 75 1749
73 75 2155
2222 2155 75
2302 2222 75
2237 2219 2222
2238 2219 2237
2263 2237 2222
2222 2303 2263
2294 2263 2303
2302 2303 2222
2351 2303 2302
2357 2351 2302
75 2357 2302
2377 2351 2357
2386 2377 2357
2368 2351 2377
2386 2368 2377
2378 2368 2386
2358 2368 2378
2392 2378 2386
2208 2392 2386
2321 2378 2392
2357 2208 2386
2206 2392 2208
1749 1480 2208
2358 2351 2368
2303 2351 2358
2345 2303 2358
2252 2263 2294
2345 2294 2303
2272 2252 2294
2237 2263 2252
2273 2252 2272
2304 2272 2294
2253 2237 2252
2253 2252 2273
2304 2273 2272
2273 2304 2295
2310 2295 2304
2253 2273 2295
2378 2321 2345
2358 2378 2345
1480 1391 1530
1244 1530 1391
1749 1391 1480
1988 2085 1530
828 1988 1530
994 2085 1988
994 1949 2085
133 689 1949
133 600 689
1722 1074 600
1339 1074 1722
599 1722 600
131 137 133
600 133 137
132 131 133
1363 137 131
131 134 1363
1132 1363 134
132 134 131
1510 137 1363
1132 1510 1363
755 137 1510
756 1510 1132
757 756 1132
755 1510 756
599 137 755
137 599 600
2060 1722 599
2003 1073 1339
1073 1801 1450
1802 1450 1801
2003 1801 1073
1108 1222 1450
148 1955 1108
1474 1473 147
871 559 1473
1155 871 1473
872 559 871
1583 872 871
1617 559 872
990 1617 872
1569 990 989
991 989 990
1830 1447 989
1830 1829 1447
934 2058 1829
934 935 2058
1360 1412 935
939 935 934
564 1360 935
1120 1412 1360
939 564 935
1174 1360 564
1161 1178 564
1174 564 1178
536 1161 564
1160 1178 1161
1120 1360 1174
2057 1120 1174
941 1413 1120
1414 1120 1413
338 941 1120
338 337 941
1565 1326 337
983 984 1565
130 983 1565
1948 984 983
983 130 981
333 981 130
1201 983 981
338 130 1565
337 338 1565
332 130 338
693 333 332
130 332 333
542 693 332
981 333 693
1513 542 332
1930 693 542
1271 1930 542
336 1271 542
692 1930 1271
693 1930 692
993 692 1271
938 693 692
1201 981 693
938 1201 693
1948 983 1201
1201 1585 1948
1887 1586 1585
1961 199 1586
1515 1733 199
1255 199 1733
200 1515 199
2035 1733 1515
1760 1221 1733
2035 1760 1733
1000 1760 2035
1059 1759 1760
1059 876 1759
243 490 876
181 244 243
490 243 244
182 181 243
241 244 181
182 1393 181
584 1393 182
11 509 584
1393 584 509
1603 11 584
10 509 11
328 1603 584
1748 31 1603
328 1748 1603
1981 31 1748
504 31 1981
1842 1981 1748
508 32 31
504 508 31
13 32 508
508 1122 1121
398 1121 1122
504 1122 508
398 397 1121
1029 397 398
1188 398 1122
776 1122 504
503 776 504
2089 1122 776
1625 2089 776
2173 1122 2089
448 2173 2089
1188 1122 2173
455 1188 2173
1420 455 2173
1732 1188 455
1188 2031 398
979 398 2031
1668 2031 1188
8 397 1029
979 951 400
1390 400 951
398 979 400
1668 951 979
434 951 955
1668 955 951
954 434 955
433 951 434
1390 951 433
278 433 434
9 1390 6
15 6 1390
958 15 1390
433 958 1390
14 15 958
953 14 958
14 953 963
17 963 953
16 14 963
952 956 953
960 957 1503
952 1503 956
960 1503 952
952 953 958
960 952 958
957 1582 34
1721 1582 957
1581 1582 1721
960 1721 957
1281 1675 1582
33 1582 1675
1506 1281 1582
180 1675 1281
917 33 1675
180 917 1675
206 1373 205
500 205 1373
1729 1841 1730
1725 1332 1841
970 973 1332
248 249 261
1427 249 959
248 959 249
535 1427 959
535 249 1427
522 535 959
524 535 522
1024 522 959
523 535 524
639 524 522
1680 1024 959
530 522 1024
429 523 524
531 535 523
533 531 523
1012 535 531
535 1015 249
1012 1015 535
649 528 1012
533 649 1012
1692 1611 649
813 2161 1692
1327 2161 813
863 813 1692
380 813 863
889 863 1692
850 380 863
1325 813 380
850 849 380
1655 380 849
146 849 850
850 1284 1448
657 1448 1284
146 850 1448
863 1284 850
1448 1952 146
1183 146 1952
1283 1952 1448
139 1952 1283
657 1283 1448
1282 1283 657
1199 388 1282
1118 1282 388
657 1199 1282
387 388 1199
139 1283 1282
140 139 1282
105 1952 139
1143 146 1183
105 1183 1952
108 1183 105
1917 1143 1183
745 146 1143
749 849 146
745 749 146
587 849 749
1182 587 749
586 849 587
1655 849 586
589 1655 586
1325 380 1655
1325 1655 589
588 586 587
1182 588 587
1362 586 588
1107 1362 588
1361 586 1362
1643 1361 1362
1367 1643 1362
1414 1361 1643
1107 1367 1362
1526 1643 1367
1604 465 1367
1526 1367 465
1107 1604 1367
1366 465 1604
330 1526 465
578 1526 330
178 330 465
101 178 465
345 330 178
1528 1366 1604
101 465 1366
125 101 1366
489 178 101
100 101 125
1359 125 1366
1528 1359 1366
126 125 1359
124 125 126
127 124 126
100 125 124
107 124 127
107 127 126
593 765 126
121 126 765
1359 593 126
1703 765 593
121 107 126
101 107 121
489 101 121
100 107 101
760 489 121
124 107 100
345 178 489
577 578 330
1596 1526 578
1386 1526 1596
1181 1596 578
554 1852 1596
1213 1596 1852
1181 554 1596
552 1852 554
1613 1213 1852
1386 1596 1213
2014 1526 1386
2014 1643 1526
1414 1643 2014
1613 1214 1213
552 1613 1852
553 594 1613
553 591 594
1454 592 553
552 1456 553
445 553 1456
1613 552 553
1535 1456 552
1536 1456 1535
1479 1535 552
445 1454 553
1453 1454 445
1452 1453 445
985 1334 1452
2187 1334 985
2032 985 1452
2170 2186 2032
445 2170 2032
607 372 1457
1407 1254 372
1352 1310 1254
873 1352 1254
1407 873 1254
1140 1141 873
606 1407 372
1353 873 1407
1353 1140 873
1147 1141 1140
1661 1660 1353
1128 1353 1660
1407 1661 1353
2169 1660 1661
1896 1128 1660
1140 1353 1128
1134 1140 1128
1134 1147 1140
1125 1147 1134
1112 1147 1125
1123 1112 1125
1123 1147 1112
1124 1123 1125
1124 1110 1123
93 1124 1125
163 164 1124
81 163 1124
1851 164 163
93 81 1124
122 163 81
1897 163 122
82 122 81
92 82 81
117 122 82
1898 1897 122
116 1898 122
1685 1897 1898
1851 163 1897
1924 1851 1897
659 164 1851
659 1529 1113
157 2115 1529
154 157 1529
1313 2115 157
1324 2115 1313
1654 1313 157
1313 1654 1229
1228 1229 1654
1654 1653 1228
1466 1228 1653
1469 1653 1654
1465 1466 1653
1700 1228 1466
1871 1700 1466
1707 1228 1700
1706 1228 1707
1699 1707 1700
857 1699 1700
1709 1707 1699
1707 1002 1706
2221 1706 1002
287 1002 1707
1709 287 1707
1370 1002 287
804 287 1709
1723 1370 287
2221 1002 1370
1723 1369 1370
2211 1370 1369
2098 1369 1723
1664 2098 1723
2211 1369 2082
2002 1168 334
335 2002 334
256 335 334
1054 2002 335
258 335 256
1664 256 334
887 2002 1054
913 1054 335
1055 1054 913
514 913 335
259 514 335
520 913 514
997 913 998
520 998 913
520 997 998
1336 992 997
1329 1044 992
480 1249 467
1554 480 467
1631 1249 480
1127 467 1044
1127 1126 467
456 467 1126
1119 1126 1127
1126 1899 456
1127 456 1899
464 1899 1126
460 467 456
462 460 456
468 467 460
456 1119 464
1899 464 1119
468 456 464
1328 1119 456
470 1119 1328
1127 1328 456
1335 1328 1127
1119 1127 1899
470 1126 1119
464 1126 470
1335 470 1328
289 470 1335
1335 1329 992
289 1335 992
1127 1329 1335
468 470 289
464 470 468
461 456 468
456 461 462
469 462 461
460 461 468
472 469 461
481 462 469
459 481 469
471 462 481
466 453 2184
481 2184 453
469 466 2184
462 453 466
460 462 466
471 453 462
459 453 471
2177 471 481
466 461 460
472 461 466
468 469 472
2177 469 2184
302 466 469
453 459 469
2184 481 459
2177 2184 459
471 2177 459
2177 481 453
469 2177 453
466 467 472
468 472 467
302 467 466
302 469 468
290 302 468
1554 467 302
302 290 482
451 482 290
1554 302 482
449 290 1554
450 1554 290
482 449 1554
451 290 449
452 482 451
452 449 482
450 449 452
1630 1631 480
476 1630 480
2097 1631 1630
475 2097 1630
1716 1631 2097
1828 905 1631
905 1828 1985
2138 1985 1828
1291 24 1985
1470 1471 1291
1471 1470 1290
701 1290 1470
701 1470 1260
839 1260 1470
800 701 1260
801 800 1260
1256 701 800
1290 701 1256
1907 1290 1256
1942 1378 1372
297 1377 1378
1001 297 1378
650 1377 297
1576 1001 1378
1001 296 293
50 49 296
648 50 296
1001 648 296
45 48 648
969 45 648
2130 969 648
42 250 43
969 250 42
2130 250 969
250 1542 59
251 1542 250
264 250 2130
648 2100 2130
1576 2130 2100
1001 2100 648
1576 2100 1001
1568 2130 1576
1568 264 2130
251 250 264
1844 251 264
266 1844 264
1843 251 1844
1542 251 1843
418 1843 1844
1319 1542 1843
1319 67 60
1542 1319 60
1319 1564 63
195 63 1564
1318 1564 1319
1750 195 1564
1750 1278 195
1391 1749 1750
1318 1391 1750
2357 75 2208
1318 1244 1391
713 1530 1244
1988 828 994
1430 994 828
133 1949 994
548 133 994
1430 548 994
209 133 548
135 1132 134
1133 1132 135
1053 135 134
757 1132 1133
1052 1133 135
1928 756 757
755 756 1928
367 1928 757
366 755 1928
658 599 755
2060 599 1522
1523 1522 599
1802 2060 1522
1339 1722 2060
2060 2003 1339
1801 2003 2060
1108 1450 420
1449 420 1450
1057 1108 420
1374 148 1108
2196 1955 148
1449 1374 1108
1474 147 1374
1612 1474 1374
1488 1473 1474
1155 1473 1488
1612 1488 1474
872 1583 990
991 990 1583
1409 1583 871
1830 989 991
1830 934 1829
918 1045 536
1161 536 1045
939 918 536
1429 1045 918
1429 1161 1045
635 1161 1429
636 635 1429
1160 1161 635
536 564 939
636 1160 635
737 1160 636
835 1178 1160
737 835 1160
1475 1178 835
1475 1177 1178
1179 1178 1177
1180 1177 1475
1476 1179 1177
930 1476 1177
1174 1179 1476
1176 930 1177
931 1476 930
1174 1178 1179
2057 1174 847
931 847 1174
632 2057 847
338 1120 2057
332 338 630
2057 630 338
2162 332 630
632 630 2057
632 2062 630
2162 630 2062
631 2062 632
633 631 632
1038 2062 631
1036 1038 631
2063 2062 1038
1040 332 2162
435 332 1040
881 1040 2162
1039 435 1040
1513 332 435
1042 1513 435
2069 542 1513
2069 336 542
1431 1271 336
1562 1431 336
539 1271 1431
1614 539 1056
1431 1056 539
750 1614 1056
1226 539 1614
868 539 1226
1198 1226 1614
993 539 868
1495 868 1226
750 1056 1431
993 1271 539
824 993 868
938 692 993
583 1201 938
944 583 938
993 944 938
891 583 944
920 943 583
1201 583 943
891 920 583
945 943 920
922 945 920
921 922 920
1904 945 922
663 1904 922
1887 945 1904
1887 943 945
1887 1201 943
1585 1201 1887
1904 1586 1887
1961 1586 1904
663 1961 1904
200 199 1961
663 200 1961
1514 1515 200
663 1514 200
1559 1515 1514
2035 1515 1559
1398 1559 1514
1059 1760 1000
1309 1000 2035
1264 1059 1000
1309 1889 1000
2144 1000 1889
603 1889 1309
878 876 1059
327 876 878
877 878 1059
243 876 327
182 243 327
328 182 327
584 182 328
1748 328 327
503 504 1981
1625 448 2089
1420 2173 448
1626 1420 448
966 455 1420
1732 455 966
1913 966 1420
1668 1188 1732
979 2031 1668
1669 955 1668
278 434 954
2091 954 955
1279 433 278
1280 1279 278
958 433 1279
1720 1721 960
958 1720 960
1581 1721 1720
1506 1581 1720
1506 1582 1581
1720 1281 1506
180 1281 1720
1720 1279 1280
180 1720 1280
958 1279 1720
1940 917 180
500 1373 1940
1280 500 1940
501 205 500
246 501 500
842 205 501
205 842 1729
2029 1729 842
1730 205 1729
1458 1841 1729
1728 1458 1729
1725 1841 1458
1885 1839 1458
1725 1458 1839
362 1885 1458
1926 1839 1885
2093 1926 1885
1689 1839 1926
1857 1839 1689
171 1689 1926
970 1725 1839
970 1332 1725
248 261 970
1508 959 248
257 1508 248
1680 959 1508
1688 159 257
1508 257 159
1857 1688 257
171 159 1688
962 1508 159
1680 1508 962
1025 1680 962
1025 1024 1680
1023 1024 1025
1043 1024 1023
230 1043 1023
530 1024 1043
1200 530 1043
1432 1200 1043
1927 530 1200
1293 522 530
1927 1293 530
639 522 1293
1204 639 1293
2053 524 639
429 524 2053
2096 2053 639
529 703 523
2041 523 703
429 529 523
704 703 529
2041 703 889
657 889 703
1692 2041 889
649 2041 1692
533 2041 649
533 523 2041
1012 531 533
1284 863 889
657 1284 889
657 647 1199
387 1199 647
703 647 657
704 647 703
386 647 704
387 647 386
390 387 386
389 388 387
389 1118 388
912 1282 1118
912 142 1282
140 1282 142
440 142 912
1117 912 1118
140 138 139
104 139 138
143 138 140
143 140 142
104 105 139
108 105 104
120 104 138
108 104 120
143 120 138
108 120 143
142 108 143
502 108 142
742 745 1143
1182 749 745
1107 588 1182
740 1359 1528
741 1359 740
1182 740 1528
1107 1182 1528
745 740 1182
629 741 740
1461 1359 741
1461 593 1359
2045 1703 593
766 765 1703
2043 2045 593
1461 2043 593
2044 2045 2043
1713 1703 2045
1702 766 1703
760 765 766
760 121 765
1049 489 760
1560 1049 760
345 489 1049
330 345 577
576 577 345
577 1181 578
1181 575 574
1234 574 575
1428 1181 574
576 575 1181
1605 1234 575
572 1605 575
1478 1234 1605
1428 1234 1478
1422 1428 1478
574 1234 1428
1428 554 1181
552 554 1428
1415 1535 1479
1428 1479 552
1416 1415 1479
1536 1535 1415
351 1536 1415
352 351 1415
2127 1536 351
1963 1456 1536
883 445 1456
445 1457 2170
883 1457 445
1452 445 2032
606 372 607
883 607 1457
545 1407 606
1504 606 607
606 544 545
1048 545 544
1504 544 606
1661 1407 545
1661 2126 2169
1364 2169 2126
545 2126 1661
1660 2169 605
1364 605 2169
262 1660 605
1662 1660 262
1903 262 605
2126 1185 1364
686 1364 1185
1048 1185 2126
1761 2083 1185
1184 1185 2083
437 1761 1185
803 2083 1761
2072 1185 1184
2120 1184 2083
1520 2120 2083
2141 1184 2120
341 2072 1184
686 1185 2072
1977 686 2072
1365 1364 686
605 1364 604
1365 604 1364
1903 605 604
263 262 1903
262 263 738
679 738 263
1662 262 738
1896 1662 738
1660 1662 1896
1134 1128 1896
1958 1134 1896
738 1958 1896
99 1134 1958
93 1125 1134
99 93 1134
92 93 99
102 92 99
81 93 92
102 82 92
117 82 102
109 117 102
116 122 117
2065 1898 116
115 116 117
1477 2065 116
1685 1898 2065
1897 1483 1924
2005 1924 1483
1685 1483 1897
1807 2005 1483
1874 1924 2005
659 1851 1924
1704 1529 659
1924 1704 659
154 1529 1704
1874 154 1704
154 1654 157
1469 1654 154
1468 1469 154
1469 1468 1467
80 1467 1468
1465 1469 1467
1465 1653 1469
1871 1466 1465
348 1465 1467
786 348 1467
1543 1465 348
1652 1465 668
1543 668 1465
1304 1652 668
1871 1465 1652
857 1871 1652
857 1700 1871
1652 39 857
1620 857 39
89 39 1652
1699 857 1620
326 1620 39
1709 1699 1620
1933 1709 1620
1664 1723 287
804 1664 287
805 256 1664
517 258 1537
561 1537 258
1957 517 1537
259 258 517
335 258 259
514 259 517
520 514 517
561 258 256
2145 561 256
2145 1537 561
1127 1044 1329
1336 289 992
290 468 289
1629 290 289
289 1555 1629
2080 1629 1555
1336 1555 289
1921 2080 1555
1630 1629 2080
1630 476 1629
2182 1629 476
475 476 480
1556 475 1630
2080 2097 475
1746 291 1747
1694 1747 291
150 1746 1747
1911 291 1746
1637 1911 1746
2030 291 1911
2147 150 1747
859 1746 150
1637 1746 859
292 859 150
2081 454 491
1911 491 454
2097 2081 491
2030 454 2081
1716 2097 491
2080 2081 2097
492 1716 491
1828 1631 1716
1263 1828 1716
1840 1291 1985
839 1470 1291
1840 839 1291
1509 1260 839
1563 982 1509
801 1509 982
715 1563 1509
1576 982 1563
1563 717 1576
1568 1576 717
714 717 1563
1576 1942 982
801 982 1942
1378 1942 1576
800 801 1942
1509 801 1260
1942 1256 800
1942 1129 1256
266 264 1568
717 266 1568
265 705 266
716 266 705
717 265 266
706 705 265
1844 266 716
710 716 705
418 1844 716
1316 1843 418
710 418 716
165 1316 418
1319 1843 1316
1750 1564 1318
1316 1318 1319
1317 1318 1316
1244 1318 1317
712 1244 1317
713 1244 712
165 712 1317
1014 1530 713
828 1530 1014
1345 1014 713
1342 828 1014
175 1342 1014
1714 828 1342
1714 1430 828
210 548 1430
132 133 209
1053 132 209
210 209 548
132 1053 134
1052 135 1053
210 1053 209
2086 1053 210
151 1052 2166
812 2166 1052
720 151 2166
1133 1052 151
720 2166 812
2086 812 1052
812 1910 1908
1137 1908 1910
720 812 1908
2086 1910 812
723 720 1908
1137 723 1908
724 720 723
151 720 722
721 722 720
1133 151 722
1636 1133 722
1812 722 721
724 721 720
1636 722 1812
1021 1812 721
2070 1021 721
1823 1812 1021
1636 757 1133
1574 367 757
366 1928 367
1853 755 366
367 1853 366
658 755 1853
1900 658 1853
1853 227 1900
1708 1900 227
367 227 1853
1708 658 1900
1523 599 658
1347 1523 658
1547 1522 1523
1802 1801 2060
1449 1450 664
1802 664 1450
1374 1449 664
1057 420 1449
1449 1108 1057
665 1612 1374
1996 1488 1612
2016 1155 1488
1609 1583 1409
1155 1409 871
1075 1778 1583
991 1583 1778
1609 1075 1583
364 1778 1075
1754 1778 364
1860 364 1075
718 1778 1754
365 1754 364
718 991 1778
991 2094 1830
939 1830 2094
718 2094 991
934 1830 939
2094 918 939
2094 916 918
919 918 916
2095 916 2094
918 1976 1429
641 1429 1976
919 1976 918
1590 1976 919
1472 1429 1187
641 1187 1429
640 1472 1187
636 1429 1472
640 1187 641
1590 641 1976
309 1590 919
1791 309 919
1690 1791 919
940 309 1791
641 1590 309
1618 737 1472
636 1472 737
1148 1618 1472
835 737 1618
1166 835 1618
1697 835 1166
1589 1166 1618
1697 1166 1589
1463 1589 1618
1775 1463 1618
573 1589 1463
1602 1463 1775
2090 1775 1618
494 580 495
1463 495 580
1775 494 495
579 580 494
573 494 1697
2179 1697 494
1589 573 1697
570 494 573
609 601 570
572 570 601
573 609 570
580 601 609
1463 609 573
580 609 1463
1475 835 1697
1864 1180 1475
1176 1177 1180
1835 1864 1475
1225 1180 1864
1779 1176 1180
1170 930 1176
1239 1170 1176
931 930 1170
1239 931 1170
1174 1476 931
2111 847 931
847 633 632
1036 631 633
232 1036 633
1037 1038 1036
447 1037 1036
2047 1038 1037
232 447 1036
2133 1037 447
834 447 232
834 2133 447
2047 1037 2133
2092 2047 2133
627 1038 2047
2162 2062 2063
273 2063 1038
881 2063 273
999 273 1038
597 627 2047
999 1038 627
2039 999 899
627 899 999
627 2039 899
898 999 2039
999 898 273
1822 273 898
597 2039 627
881 2162 2063
1041 1040 881
1041 1039 1040
1042 435 1039
2069 1513 1042
1146 2069 1042
1146 336 2069
1562 336 1146
1599 1431 1562
1599 750 1431
1490 1614 750
2046 1490 750
1198 1614 1490
1196 1198 1490
369 1226 1198
1233 1495 1226
1756 1233 1226
170 1495 1233
2151 868 1495
869 868 2151
1686 2151 1495
824 868 869
825 824 869
867 993 824
867 944 993
922 1601 663
1245 663 1601
392 1601 922
1514 663 1245
1641 1245 1601
1550 1883 392
1918 392 1883
922 1550 392
1548 1883 1550
1111 1918 1883
1261 1111 1883
1836 1918 1111
392 1918 1641
160 1641 1918
1601 392 1641
1619 1245 1641
316 1619 1641
1398 1245 1619
1399 1398 1619
1727 1399 1619
628 1398 1399
1051 1727 1705
1130 1705 1727
525 1051 1705
1399 1727 1051
1410 525 1705
1087 1051 525
1050 1399 1051
628 1399 1050
1505 1050 1051
1486 1505 1311
1379 1311 1505
603 1486 1311
1050 1505 1486
628 1486 603
1081 603 1311
2144 1889 603
1081 2144 603
1309 628 603
1485 1486 628
425 1485 628
1507 1486 1485
1050 425 628
426 1485 425
425 1050 1486
1507 425 1486
628 1309 1398
2035 1398 1309
1264 1000 2144
1421 1264 2144
877 1059 1264
1392 877 1264
327 878 877
1392 1745 877
1748 877 1745
317 1745 1392
327 877 1748
1842 1748 1745
503 1981 1842
1929 503 1842
344 1842 1745
343 344 1745
1929 1842 344
507 1929 344
1929 1625 1013
503 1013 1625
503 1929 1013
1626 1625 1929
507 1626 1929
448 1625 1626
503 1625 776
507 1420 1626
329 1420 507
739 329 507
1913 1420 329
1273 329 739
343 739 507
739 343 1257
317 1257 343
1627 739 1257
329 1272 1913
267 1913 1272
1273 1272 329
1627 1273 739
1820 1272 1273
1787 1273 1627
864 1627 1257
344 343 507
317 343 1745
864 1257 317
1139 864 317
2055 1627 864
2055 1787 1627
2148 1787 2055
2148 2163 1787
1308 1787 2163
1794 2163 2148
1820 1273 1787
1819 1272 1820
267 1272 1819
1150 267 1819
1914 1913 267
1381 966 1913
1578 1732 966
1669 1668 1732
1381 1669 1732
1732 1578 1381
966 1381 1578
2091 1669 1381
1915 2091 1381
955 1669 2091
2010 358 2091
954 2091 358
1915 2010 2091
1916 358 2010
608 954 358
1755 608 358
277 954 608
1755 277 608
278 954 277
915 277 246
513 246 277
500 915 246
278 277 915
1280 915 500
278 915 1280
180 1280 1940
513 1792 501
842 501 1792
246 513 501
1645 1792 513
238 842 1792
1645 238 1792
2029 842 238
1243 2029 238
655 238 1645
1755 655 1645
1243 238 655
1728 2029 1243
870 1728 1243
1729 2029 1728
1728 1008 1458
362 1458 1008
870 1008 1728
363 362 1008
1442 362 363
350 363 1008
1243 1008 870
1960 1008 1243
1964 1960 1243
196 1008 1960
1683 1008 196
197 196 1960
1597 197 1960
1771 1597 1960
1994 197 1597
1650 196 197
1322 1683 196
1320 1322 196
1682 1683 1322
1838 1008 1683
1834 1838 1683
361 1008 1838
350 1008 361
1684 361 1838
1442 363 350
361 349 350
1684 350 349
1834 349 361
961 1684 349
1682 350 1684
1441 362 1442
1885 362 1441
1297 1441 1442
1768 1297 1442
1298 1441 1297
2093 1885 1441
840 2093 1441
171 1926 2093
1857 970 1839
248 970 1857
257 248 1857
1689 171 1688
168 159 171
1857 1689 1688
231 168 171
141 159 168
141 962 159
610 1023 1025
1259 1927 1200
370 1293 1927
429 2053 529
646 529 2053
646 704 529
704 396 386
390 386 396
646 396 704
390 389 387
390 384 389
385 389 384
1405 384 390
1451 389 385
314 385 384
1396 1451 385
1403 389 1451
1406 389 1403
1396 1403 1451
255 519 1406
389 1406 519
596 255 1406
521 519 255
1405 521 255
254 519 521
1400 519 596
254 596 519
521 1400 596
1299 519 1400
595 254 521
255 596 254
311 596 595
2125 595 596
521 311 595
2006 596 311
1098 769 596
521 596 769
1532 1098 596
926 769 1098
473 1098 1094
521 1094 1098
1532 473 1094
926 1098 473
926 1532 1094
596 473 1532
311 926 473
474 473 596
2006 474 596
311 473 474
1396 474 2006
2125 1403 1396
1091 1368 1396
474 1396 1368
216 1091 1396
441 1368 1091
1368 1935 1936
2158 1936 1935
474 1368 1936
441 1935 1368
1935 1396 314
385 314 1396
311 1935 314
441 1396 1935
310 311 314
2158 1935 311
384 310 314
1403 311 310
474 2158 311
1091 1936 2158
441 1091 2158
216 1936 1091
474 1936 216
216 2158 474
441 2158 216
1396 441 216
1094 769 926
1405 1400 521
1532 311 521
2143 254 595
2006 2143 595
1406 254 2143
1402 254 1406
1404 1406 2143
255 254 1402
1403 1402 1406
2178 1406 1404
1402 1404 2143
1403 2178 1404
596 1406 2178
1403 1404 1402
310 1402 2143
1403 310 2143
2178 1403 2143
255 1402 310
2125 2178 2143
2125 311 1403
310 384 255
1405 255 384
391 1405 390
646 391 390
1397 1405 391
1397 391 911
910 911 391
1401 1397 911
911 910 897
1204 897 910
896 911 897
2096 1204 910
2067 897 1204
896 897 2067
1923 896 2067
1923 1346 896
1341 896 1346
1934 1346 1923
2051 1341 1346
1440 896 1341
911 1440 893
892 893 1440
1401 911 893
896 1440 911
1117 1401 893
2048 1440 1341
2051 2048 1341
892 1440 2048
543 1397 1401
543 1405 1397
2125 596 2178
2006 595 2125
1396 2006 2125
1532 926 311
521 769 1094
1532 521 1098
2143 2006 311
2125 2143 311
1400 1408 1300
1299 1300 1408
1299 1400 1300
1405 1408 1400
519 1408 1405
519 1299 1408
734 519 1405
543 734 1405
1117 519 734
734 543 1117
1401 1117 543
389 519 1117
1118 389 1117
1715 912 1117
1715 895 912
440 912 895
894 895 1715
1232 1715 2092
892 2092 1715
834 1232 2092
894 1715 1232
892 1715 1117
893 892 1117
2047 892 598
2048 598 892
597 2047 598
2092 892 2047
438 894 1232
834 438 1232
1061 894 438
1061 895 894
439 1061 438
833 439 438
324 1061 439
895 1061 909
1493 909 1061
440 895 909
1194 440 909
142 440 1194
502 142 1194
1493 1194 909
324 1493 1061
1925 1493 324
833 324 439
1665 1925 324
557 1493 1925
557 1194 1493
502 1194 557
1917 502 557
2042 1917 557
1183 502 1917
1143 1917 742
2027 742 1917
629 745 742
745 629 740
1622 741 629
1604 1107 1528
874 1461 741
1435 2043 1461
1713 2045 2044
1436 2044 2043
1713 2044 820
1544 820 2044
819 1713 820
1702 1703 1713
770 766 1702
819 1702 1713
1062 1702 819
770 1702 1062
1225 1062 819
1225 819 1180
820 1180 819
820 1779 1180
1544 1176 1779
1544 1779 820
585 1176 1544
1239 2111 931
1274 847 2111
499 633 847
232 633 499
1190 232 499
2092 2133 834
1943 2039 597
881 2039 1943
2101 881 1943
898 2039 881
2048 2101 1943
1041 881 2101
1822 881 273
898 881 1822
1042 1039 1041
2101 1042 1041
2101 1146 1042
1186 2046 750
1599 1186 750
2116 2046 1186
1934 1490 2046
1975 1934 2046
1196 1490 1934
1196 369 1198
691 1226 369
988 691 369
1227 1226 691
1227 1756 1226
1217 1233 1756
1007 1217 1756
1497 1233 1217
1757 1497 1217
1007 1757 1217
747 1497 1757
855 853 684
852 684 853
1233 855 684
695 853 855
1497 855 1233
2151 1233 684
170 684 422
852 422 684
1497 170 422
1686 684 170
869 2151 684
170 1233 2151
1686 170 2151
1494 1495 170
1230 867 1494
825 1494 867
1496 1230 1494
944 867 1230
866 825 867
1525 1494 825
1686 1525 825
2150 1494 1525
825 866 854
1621 854 866
824 825 854
824 866 867
853 866 824
891 944 1230
752 891 1230
921 920 891
751 921 891
1550 922 921
1548 1550 921
751 1548 921
890 1883 1548
1261 1883 890
167 890 1548
890 1210 1261
1111 1261 1210
166 1210 890
1832 1836 1111
1966 1832 1111
160 1836 1832
160 1918 1836
1130 1619 316
160 316 1641
169 1130 316
1727 1619 1130
2021 525 1410
2020 2021 1410
1089 525 2021
2103 1089 2021
1087 525 1089
1850 1051 1087
1093 1850 1087
423 1051 1850
1088 1093 1087
424 1850 1093
1507 1505 1051
425 1507 1051
1379 1505 1507
426 1379 1507
1051 1379 425
426 425 1379
424 1379 1051
1507 1485 426
424 1081 1311
1138 2144 1081
1138 1421 2144
1392 1264 1421
317 1392 1421
1139 317 1421
1138 1139 1421
1139 2148 2055
1138 1794 2148
1308 2163 1794
1082 1308 1794
1787 1308 1820
2064 1820 1308
1150 1819 1820
1915 1381 1913
1914 1915 1913
1914 2010 1915
1755 358 1916
656 1755 1916
1914 1916 2010
1266 1916 1914
1266 1914 267
656 1916 1266
1267 656 1266
1645 277 1755
513 277 1645
656 655 1755
1964 1243 655
1964 1771 1960
1267 1771 1964
1598 1597 1771
2132 1597 1598
2064 1598 1771
1150 2064 1771
1308 1598 2064
1082 1598 1308
1150 1820 2064
1266 267 1150
1964 655 656
1267 1964 656
1150 1771 1267
1266 1150 1267
2132 1598 1082
1994 1597 2132
1768 1994 2132
1095 2132 1082
1083 1095 1082
1089 2132 1095
1649 197 1994
1649 1650 197
1442 1650 1649
777 196 1650
1442 777 1650
778 196 777
350 777 1442
778 777 350
1682 778 350
1322 778 1682
1838 1682 1684
1100 1682 1837
349 1837 1682
1142 1100 1837
1683 1682 1100
1320 196 778
1584 1320 778
1321 1322 1320
1100 1512 1683
1834 1683 1512
1322 1512 1100
1321 1834 1512
961 1838 1834
361 961 1834
1682 1838 961
1684 961 361
421 349 1834
421 1837 349
961 349 1682
1834 1837 421
1321 1320 1584
2176 1584 778
2175 1321 1584
1323 1142 1321
1834 1321 1142
1674 1323 1321
1099 1142 1323
1837 1834 1142
1322 1321 1512
778 1322 1100
1673 778 1100
1099 1100 1142
1323 1100 1099
1323 1674 1100
1673 1100 1674
2175 1673 1674
1321 778 1673
1674 1321 2176
1673 2176 1321
2175 1674 2176
1584 1673 2175
2176 1673 1584
778 1321 2175
2176 778 2175
1768 1442 1649
1768 1649 1994
1962 1297 1768
1962 1298 1297
626 1441 1298
1296 1242 1298
626 1298 1242
1962 1296 1298
1439 1242 1296
2103 1439 1296
1207 1242 1439
602 1242 1207
1736 602 1207
626 1242 602
1736 626 602
840 1441 626
1737 840 626
171 2093 840
245 171 840
171 245 239
260 239 245
231 171 239
231 239 191
144 191 239
202 231 191
144 202 191
168 231 202
168 202 149
144 149 202
141 168 149
144 141 149
184 962 141
1025 962 821
184 821 962
624 1025 821
625 624 821
610 1025 624
369 610 624
1195 610 1781
1285 1781 610
253 1195 1781
1023 610 1195
980 1023 1195
253 1259 1195
1432 1195 1259
719 1259 253
980 1195 719
1432 719 1195
253 980 719
980 681 1023
230 1023 681
286 681 980
694 230 681
229 1043 230
540 1043 229
694 229 230
823 540 229
285 1043 540
681 285 540
582 681 540
286 285 681
676 286 980
253 676 980
342 676 253
675 286 676
252 342 253
1878 252 253
719 342 252
1878 719 252
1432 342 719
676 342 1432
285 676 1432
682 675 285
676 285 675
286 682 285
914 675 682
1043 285 1432
1259 1200 1432
419 1927 1259
617 1293 370
1285 370 1927
646 2053 2096
1204 2096 639
910 646 2096
390 396 646
910 391 646
619 2067 1204
1196 1934 1923
1975 1346 1934
2051 1346 1975
2050 2051 1975
2048 2051 2050
1884 2048 2050
2048 1943 597
2101 2048 1884
1146 2101 1884
598 2048 597
2124 1884 2050
1146 1884 2124
1599 2124 2050
1562 1146 2124
1599 1562 2124
2050 2116 1599
1186 1599 2116
1975 2116 2050
2116 1975 2046
618 1196 1923
2066 618 1923
370 1196 618
370 369 1196
368 369 370
1007 1227 691
747 1756 1227
1333 747 1227
1757 1756 747
2165 1756 1757
1007 2165 1757
1333 1756 2165
747 1333 2165
1007 1756 1333
1227 1007 1333
2165 1007 747
691 747 1007
691 1497 747
1579 1497 691
1496 1497 1579
988 1579 691
987 1579 988
624 988 369
368 370 1285
610 368 1285
1293 617 619
618 619 617
1204 1293 619
618 2067 619
2066 2067 618
1923 2067 2066
617 370 618
610 369 368
419 1285 1927
1781 1285 419
1878 419 1259
1878 1259 719
1781 419 1878
253 1781 1878
625 988 624
527 1579 826
987 826 1579
621 527 826
1496 1579 527
1494 1497 1496
752 1230 1496
527 752 1496
751 891 752
166 890 167
751 167 1548
1211 166 622
827 622 166
621 1211 622
1210 166 1211
1111 1210 1211
1545 1111 1211
2117 1545 1211
1966 1111 1545
2020 1966 1545
1966 1208 1832
161 1832 1208
1939 1208 1966
161 160 1832
316 160 161
169 161 1208
169 316 161
1410 1705 1130
169 1410 1130
1962 1089 2103
428 2103 2021
1083 1089 1095
1768 2132 1089
1085 1089 1083
1085 1087 1089
1090 1085 1083
483 1087 1085
1086 1088 1087
1090 1086 1087
1084 1088 1086
484 1084 1086
483 1088 1084
483 1082 1794
1081 483 1794
1083 1082 483
424 483 1081
1138 1081 1794
1379 424 1311
1088 483 424
1093 1088 424
424 423 1850
1051 423 424
1138 2148 1139
2055 864 1139
484 1083 483
1085 484 483
1090 1083 484
1086 1090 484
1084 1085 1090
1087 1084 1090
483 1084 1087
484 1085 1084
1962 1768 1089
1296 1962 2103
428 1439 2103
1207 1439 428
1880 1207 428
1880 1736 1207
260 840 1737
1736 1737 626
942 1737 1736
2084 942 1736
144 1737 942
144 260 1737
245 840 260
144 239 260
184 141 144
822 184 144
1286 988 625
620 826 987
1286 987 988
827 527 621
620 621 826
167 751 752
526 167 752
166 167 526
527 526 752
827 166 526
621 622 827
2117 1211 621
1698 2117 621
1587 1545 2117
2020 1939 1966
1410 1939 2020
169 1208 1939
1939 1410 169
428 2021 2020
1545 428 2020
1587 428 1545
1880 428 1587
1718 1880 1587
1718 2084 1880
1736 1880 2084
822 2084 1718
822 942 2084
942 822 144
821 184 822
2137 822 1718
625 822 2137
1678 2137 1718
822 625 821
2137 1286 625
620 987 1286
1698 621 620
1718 1698 620
1717 2117 1698
1717 1587 2117
1718 1587 1717
1698 1718 1717
1286 2137 1678
620 1286 1678
620 1678 1718
526 527 827
1686 1495 1494
1497 1494 170
855 1497 422
852 855 422
1621 853 695
852 695 855
854 695 852
854 852 853
853 824 854
1621 695 854
866 853 1621
869 684 1686
697 869 1686
2150 825 869
1494 2150 869
696 825 2150
1525 696 2150
697 825 696
869 697 696
1686 825 697
1494 869 696
696 1525 1686
1494 696 1686
833 438 834
2036 324 833
846 1665 324
557 1925 1665
1811 557 1665
1666 1811 1665
2042 557 1811
537 2042 1811
2027 1917 2042
537 2027 2042
162 742 2027
748 629 742
748 1622 629
875 741 1622
875 874 741
1435 1461 874
1096 1435 874
1435 1861 1436
1919 1436 1861
2043 1435 1436
1870 1861 1435
810 1870 1435
811 1861 1870
1096 810 1435
1919 1870 810
1919 811 1870
810 1861 811
1434 810 811
1096 1861 810
1096 1919 1861
1769 1436 1919
1544 1436 1481
538 1481 1436
1766 1544 1481
2044 1436 1544
136 1766 1481
1566 1544 1766
1239 1176 585
1566 585 1544
764 1239 585
764 2111 1239
1274 2111 764
764 767 744
875 744 767
1644 764 744
1566 767 764
585 1566 764
1567 767 1566
1644 744 562
340 562 744
1774 1644 562
1770 764 1644
1774 1770 1644
1274 764 1770
846 848 1666
1770 1666 848
1665 846 1666
845 848 846
499 845 846
1274 848 845
847 1274 845
1770 848 1274
847 845 499
2036 1190 499
834 232 1190
834 1190 833
2036 833 1190
499 324 2036
846 324 499
1666 537 1811
1434 2027 537
162 748 742
875 1622 748
1567 874 875
767 1567 875
1446 874 1567
1096 874 1446
340 1446 1567
1573 1446 1780
1773 1780 1446
1767 1573 1780
677 1446 1573
1743 1446 677
730 677 1573
1743 1096 1446
1354 1919 1096
811 1919 162
929 162 1919
2027 811 162
2027 1434 811
538 1434 537
1666 538 537
136 1434 538
1919 810 1434
136 1919 1434
1769 1919 136
1766 1436 1769
1769 136 1481
1436 1766 136
1773 1566 1766
1773 1567 1566
340 744 748
875 748 744
1743 340 748
1567 562 340
339 1774 562
730 1770 1774
1767 730 1774
1766 1770 730
1769 1666 1770
1481 1666 1769
538 1666 1481
136 538 1436
1770 1766 1769
1354 1766 730
929 1354 730
1767 1766 1354
1766 1767 1773
1774 1773 1767
562 1567 1773
1743 748 162
1096 1743 162
677 340 1743
1773 339 562
677 1774 339
340 677 339
1773 1774 677
1573 1767 1354
1096 1573 1354
677 1767 1780
730 1767 677
1773 677 1780
339 1773 1446
1446 340 339
730 1096 162
730 162 929
1354 929 1919
730 1573 1096
914 286 675
914 682 286
823 229 694
582 694 681
582 823 694
582 540 823
1219 1225 1864
532 1219 1864
1062 1225 1219
417 1062 1219
1220 417 1219
247 1062 417
1063 770 1062
759 766 770
1063 759 770
760 766 759
1560 760 759
645 1560 1557
427 1557 1560
1558 645 1557
644 1560 645
1049 1560 644
643 644 645
345 1049 644
743 644 643
746 643 645
746 743 643
579 644 743
345 644 579
611 579 743
601 580 579
611 601 579
571 579 494
570 571 494
345 579 571
572 571 570
576 571 572
575 576 572
345 571 576
1181 577 576
611 572 601
1605 572 746
743 746 572
1216 1605 746
611 743 572
1605 763 1478
394 1478 763
762 763 1605
393 1417 394
1422 394 1417
395 393 394
1419 1417 393
279 1419 393
1145 279 393
1793 1419 279
1805 1793 279
1418 1419 1793
1416 1417 1419
1479 1422 1417
1478 394 1422
1416 1479 1417
1428 1422 1479
1144 1415 1416
1144 352 1415
347 351 352
551 351 347
409 551 347
2127 351 551
190 409 347
1866 551 409
190 1866 409
1974 1866 190
275 1974 190
1724 1866 1974
2127 1963 1536
551 1963 2127
886 1456 1963
1866 886 1963
883 1456 886
882 883 886
1866 882 886
607 883 882
885 607 882
884 885 882
1504 607 885
546 1504 885
546 544 1504
1691 1048 544
2126 545 1048
1691 1185 1048
437 1185 1691
1499 437 1691
803 1761 437
802 2083 803
1520 2083 1500
802 1500 2083
1499 1520 1500
1518 2120 1520
1184 1752 1951
1991 1951 1752
341 1184 1951
1518 1752 1184
1753 341 1951
1097 1753 1951
1521 341 1753
1175 1521 1753
1375 341 1521
1521 807 2073
809 2073 807
1482 1521 2073
1175 807 1521
808 1482 2073
1894 1521 1482
809 1521 1894
1846 1894 1482
1527 809 1894
1375 1521 809
1527 1894 1846
1527 1846 1482
1527 313 808
2072 808 313
809 1527 808
1482 313 1527
2073 809 808
809 2072 341
1375 809 341
807 2072 809
1238 1903 604
1238 1425 1903
1424 1903 1425
1438 1425 1238
1424 263 1903
106 99 1958
114 115 109
117 109 115
106 114 109
116 115 114
1477 116 85
114 85 116
2122 1477 85
2136 2065 1477
1104 1483 1685
1656 1104 1685
1484 1483 1104
1657 1104 1656
2065 1656 1685
1154 1483 1484
1106 1484 1104
155 1807 1483
155 2005 1807
1874 1704 1924
1874 2049 154
1468 154 2049
156 2049 1874
613 1468 2049
785 1543 348
816 668 1543
1652 1304 1205
1065 1205 1304
89 1652 1205
1205 88 89
87 89 88
1065 88 1205
18 89 87
90 87 88
51 90 88
51 87 90
51 18 87
39 89 18
19 39 18
39 19 326
86 326 19
1676 1620 326
1712 1676 326
1933 1620 1676
1711 1933 1676
326 1677 1796
1616 1796 1677
1712 326 1796
86 1677 326
729 1712 1796
1711 1676 1712
1511 1933 1711
1710 1711 1712
1575 1711 1710
729 1710 1712
728 1710 729
1575 1511 1711
634 1933 1511
804 1709 1933
634 804 1933
805 804 634
805 1664 804
2145 256 805
806 2145 805
634 806 805
70 2145 806
4 1537 2145
3 1537 4
70 4 2145
2 4 70
68 2 70
3 4 2
20 2 68
69 68 70
735 69 70
71 68 69
72 71 69
20 68 71
1348 72 69
54 71 72
54 2 20
54 20 71
3 2 54
2078 3 54
2078 1537 3
1957 1537 2078
1017 1957 2078
520 517 1957
1016 2078 54
1336 997 520
903 1336 520
1957 903 520
904 1336 903
1921 1555 1336
1394 1921 1336
2030 2080 1921
360 2030 1921
2081 2080 2030
1556 1630 2080
2182 1556 2080
475 2182 2080
476 1556 2182
476 475 1556
1629 2182 475
1911 454 2030
360 291 2030
783 291 360
511 291 783
784 783 360
359 784 360
779 783 784
753 783 779
1882 779 784
753 511 783
1695 291 511
2146 1351 512
1695 512 1351
1549 2146 512
176 1351 2146
1571 1695 1351
511 512 1695
1571 1696 1695
1595 1695 1696
860 1696 1571
1570 1571 1351
1695 1694 291
860 1694 1695
754 512 511
1845 1747 1694
858 1845 1694
859 1747 1845
924 859 1845
2147 1747 859
292 2147 859
1845 2147 292
1338 2147 1845
924 1845 292
282 292 150
2000 1637 859
491 1911 1637
1343 492 491
1263 1716 492
492 1343 2140
1020 2140 1343
1263 492 2140
1946 1263 2140
2138 1828 1263
838 2138 1263
1840 1985 2138
838 1840 2138
839 1840 838
1263 839 838
1946 839 1263
1509 839 1946
715 1509 1946
715 1946 2140
1020 715 2140
714 1563 715
711 714 715
1825 711 715
710 714 711
707 710 711
706 714 710
717 714 706
705 706 710
709 418 707
710 707 418
1516 709 707
165 418 709
2018 158 709
165 709 158
1516 2018 709
172 158 2018
712 165 158
717 706 265
1317 1316 165
1344 713 712
1344 1345 713
175 1014 1345
176 1342 175
1342 176 1714
2146 1714 176
1549 1714 2146
210 1430 1714
1549 210 1714
2086 1052 1053
1019 1910 2086
1019 1137 1910
836 1137 1019
2026 723 1137
1288 723 2026
1882 2026 1137
1287 1288 2026
724 723 1288
1959 721 724
1433 1021 2070
799 2070 721
1855 1823 1021
1524 1812 1823
1524 1636 1812
1635 1636 1524
1109 1524 1823
1574 757 1636
1854 1574 1636
225 367 1574
227 367 225
226 225 1574
212 225 226
1854 226 1574
225 228 227
214 227 228
212 228 225
214 228 212
226 1708 227
1580 658 1708
2061 1523 1347
1580 1347 658
660 1522 1547
2061 1547 1523
1803 660 1547
1802 1522 660
1806 1802 660
1803 1806 660
1788 1802 1806
442 1788 1806
664 1802 1788
1788 665 664
1374 664 665
1004 665 1788
1612 665 1004
773 1004 1788
442 773 1788
1693 1004 773
1489 1693 773
1658 1004 1693
1312 1996 1004
1612 1004 1996
1658 1312 1004
2121 1996 1312
2121 1488 1996
1488 2121 1235
1592 1235 2121
2016 1488 1235
1608 2016 1235
1409 1155 2016
1609 1409 2016
906 1075 1609
1069 1860 1075
1163 364 1860
1069 1163 1860
1777 364 1163
1492 1754 365
900 1492 365
718 1754 1492
1269 718 1492
1931 1492 1983
900 1983 1492
1032 1931 1983
1269 1492 1931
1821 1269 1931
788 718 1269
1060 2094 718
1060 2095 2094
1690 916 2095
796 1690 2095
919 916 1690
1295 1791 1690
796 1295 1690
2077 1791 1295
940 1791 2077
787 2077 1295
940 2077 787
796 787 1295
861 940 787
496 309 940
1971 641 309
642 1148 1472
1602 1618 1148
640 642 1472
1835 1148 642
532 642 640
1864 1835 642
1149 1148 1835
1618 1602 2090
2179 2090 1602
494 1775 2090
2090 2181 494
2179 494 2181
1672 2181 2090
1464 2179 2181
1475 1697 2179
2179 1835 1475
2179 1149 1835
1602 1148 1149
1849 1602 1149
1464 1602 1849
2015 1849 1149
1149 2179 2015
1602 2015 2179
1463 1602 1464
2015 1464 1849
1672 1464 2015
1602 1672 2015
2179 1464 1672
2090 2179 1672
495 1464 2181
1463 1464 495
1672 495 2181
1775 495 1672
1602 1775 1672
532 1864 642
640 1219 532
1216 247 417
1063 1062 247
1275 1063 247
1063 1560 759
1275 1560 1063
427 1560 1275
1275 247 1216
427 1275 1216
1558 1557 427
1558 1216 746
645 1558 746
427 1216 1558
762 1605 1216
761 763 762
698 763 761
771 698 761
394 763 698
395 394 698
698 1189 1865
1251 1865 1189
510 698 1865
771 1189 698
1191 1865 1251
2119 1251 1189
726 510 1865
395 698 510
651 395 510
651 393 395
652 393 651
652 1072 1145
1144 1145 1072
393 652 1145
726 1072 652
352 1144 1072
280 1145 1144
352 1072 1980
726 1980 1072
347 352 1980
510 652 651
280 279 1145
1805 279 280
1144 1805 280
1418 1805 1144
1416 1418 1144
1793 1805 1418
1419 1418 1416
1171 347 1980
1552 347 1171
726 1171 1980
1893 190 347
274 1974 275
377 275 190
371 1974 1679
274 1679 1974
376 371 1679
374 1974 371
814 374 371
1531 1974 374
884 1866 1724
1531 1724 1974
1462 884 1724
882 1866 884
1963 551 1866
546 885 884
1462 546 884
1046 544 546
1534 1046 546
807 544 1046
1175 1691 544
436 437 1499
1520 1499 1691
1999 803 437
802 383 1501
2128 1501 383
2142 802 1501
803 383 802
2142 2141 802
2120 802 2141
2153 2141 2142
1938 2153 2142
1519 2141 2153
1519 2153 1970
2025 1970 2153
1831 1519 1970
1518 2141 1519
1500 802 2120
1518 1500 2120
1519 1500 1518
1519 1499 1500
1175 1518 1520
1184 2141 1518
1502 1519 1831
1606 1502 1831
1501 1519 1502
1719 1501 1502
1499 1519 1501
2128 1499 1501
436 1499 2128
1175 1520 1691
807 1175 544
1752 1518 1175
1097 1991 1752
1097 1951 1991
1752 1753 1097
1175 1753 1752
1997 807 1046
192 1192 1765
444 1765 1192
1462 192 1765
1193 1192 192
190 1192 1193
1033 1193 192
1789 444 1192
190 1789 1192
443 444 1789
2134 1765 444
1997 1765 2134
1786 1997 2134
1534 1765 1997
1784 1786 2134
1785 1997 1786
1046 1534 1997
1462 1765 1534
1978 807 1997
403 807 1978
1785 1978 1997
807 1482 808
2072 807 808
404 1482 807
1482 404 313
1977 313 404
403 404 807
1977 404 403
1977 2072 313
685 1365 686
1238 604 1365
685 1238 1365
1438 1238 1302
685 1302 1238
1437 1438 1302
1426 1425 1438
1437 1218 1438
1426 1438 1218
568 1218 1437
568 1426 1218
1424 1425 1426
2114 1424 2129
1426 2129 1424
1973 2114 2129
263 1424 2114
679 263 2114
1972 679 2114
829 738 679
738 1731 736
936 736 1731
1772 738 736
829 1731 738
936 1731 1277
1833 1277 1731
2171 936 1277
2104 736 936
736 1764 2038
1772 2038 1764
1772 736 2038
2104 1764 736
1764 1763 1879
505 1879 1763
699 1764 1879
1762 1763 1764
1782 699 1879
1659 1764 699
1772 1764 1659
2104 1659 699
1277 1772 1659
1958 738 1772
678 1958 1772
1901 106 1958
102 99 106
109 102 106
1965 114 106
1901 1965 106
85 114 1965
110 1965 1901
111 110 1901
85 1965 110
110 112 91
103 91 112
85 110 91
111 112 110
1657 2065 2136
1248 1657 2136
1656 2065 1657
2122 1248 2136
1005 1657 1248
478 1005 1248
901 1657 1005
446 901 1005
1740 1657 901
902 901 446
1553 446 1005
902 1740 901
1105 1657 1740
1741 1105 1740
1104 1657 1105
1106 1154 1484
1553 1154 1106
155 1483 1154
1247 155 1154
156 2005 155
613 2049 156
155 613 156
80 1468 613
96 80 613
786 1467 80
41 786 80
785 348 786
1262 785 786
1304 668 815
816 815 668
978 1304 815
817 978 815
1065 1304 978
774 88 1065
300 774 1065
86 88 774
775 86 774
51 88 86
18 51 86
19 18 86
1616 1677 1615
1701 1615 1677
567 1616 1615
1687 1796 1616
729 1796 1687
700 1687 1616
728 729 1687
1995 728 1687
965 728 1995
1355 1995 1687
1241 1995 1355
1241 1355 1687
841 1995 1241
728 965 295
294 295 965
1575 728 295
967 965 1995
1575 1710 728
1856 1511 1575
1572 634 1511
70 806 634
1348 69 735
634 735 70
1572 735 634
1856 735 1572
1856 1572 1511
1348 735 1856
1265 1348 1856
1157 72 1348
1016 54 72
1157 1016 72
2112 2078 1016
2112 1016 1157
1726 1157 1348
1156 2112 1157
1159 1156 1157
725 2112 1156
1017 2078 2112
904 1957 1017
904 903 1957
1395 1336 904
1394 1336 1395
1739 1395 904
359 1394 1395
1017 1739 904
299 1395 1739
1921 1394 1268
359 1268 1394
360 1921 1268
360 1268 359
463 1287 359
784 359 1287
1395 463 359
725 1287 463
2026 784 1287
754 511 753
708 753 779
754 753 708
1018 754 708
1022 754 1018
836 1018 708
1022 512 754
1993 1549 512
210 1549 1993
1019 210 1993
1022 1019 1993
2086 210 1019
836 1019 1022
512 1022 1993
836 1882 1137
708 1882 836
779 1882 708
784 2026 1882
1288 798 799
2164 799 798
1959 1288 799
1289 798 1288
721 1959 799
724 1288 1959
1433 1855 1021
1109 1823 1855
1635 1854 1636
236 1854 1635
234 1635 1524
1640 226 1854
201 226 1640
565 1640 1854
207 212 226
1212 201 1640
1708 226 201
123 1708 201
129 123 201
237 1708 123
214 226 227
207 226 214
233 1580 1708
237 233 1708
1824 1580 233
315 1824 233
1912 1580 1824
1912 1347 1580
1912 2061 1347
1922 2061 1912
1517 1547 2061
442 1806 1804
268 1804 1806
1384 442 1804
1384 773 442
1489 773 1384
1349 1693 1489
1790 1658 1693
851 1312 1658
1790 851 1658
758 1312 851
1376 758 851
1538 1312 758
1376 1538 758
2172 1312 1538
1376 2172 1538
2121 1312 2172
152 2121 2172
152 1592 2121
2156 1235 1592
1376 2156 1592
1546 1235 2156
1231 1608 1235
1609 2016 1608
906 1609 1608
977 906 1608
1069 1075 906
687 1163 1069
977 1069 906
1858 1069 977
2160 1777 1163
1776 364 1777
2160 1776 1777
365 364 1776
346 365 1776
900 365 346
1810 346 1776
1116 900 346
789 900 1116
2135 1116 346
1809 2135 346
2157 1116 2135
1810 1809 346
2157 2135 1809
1593 1809 1810
2118 2157 1809
790 1116 2157
1594 2118 1809
1423 2157 2118
2037 2157 1423
1588 1423 2118
789 1116 790
2037 790 2157
795 789 790
1983 900 789
1032 1983 789
276 1821 1931
1877 1269 1821
1060 718 788
794 1060 788
796 1060 794
791 794 788
794 792 796
787 796 792
791 792 794
653 861 787
496 940 861
1971 309 496
862 496 861
653 862 861
654 496 862
1162 1971 496
1162 641 1971
1164 640 641
1162 1164 641
1220 640 1164
1220 1219 640
1064 417 1220
1064 1216 417
762 1216 1064
1633 761 762
2119 1189 771
1070 1251 2119
1294 1070 2119
1252 1251 1070
1460 1252 1070
1191 1251 1252
726 1865 1191
1460 1191 1252
652 510 726
1171 1191 1552
1460 1552 1191
726 1191 1171
1071 1460 1070
1808 1460 1071
1068 1071 1070
1030 1808 1071
1561 1460 1808
1670 1552 1460
347 1552 1893
1670 1893 1552
1789 190 1893
379 1679 274
379 1531 374
192 1724 1531
1462 1724 192
274 192 1531
1462 1534 546
275 1033 192
274 275 192
377 1033 275
190 1033 377
190 1193 1033
1670 1789 1893
375 376 1679
379 371 376
373 379 374
375 373 374
371 379 373
373 814 371
375 814 373
814 379 376
376 374 814
379 814 375
1679 379 375
375 374 376
1531 379 274
1092 1789 1670
1092 443 1789
1623 443 1092
1460 1092 1670
1092 1561 1623
2004 1623 1561
1460 1561 1092
1624 443 1623
1892 444 443
1624 1892 443
2134 444 1892
1890 2134 1892
1784 1785 1786
1978 1785 1066
1303 1066 1785
414 1978 1066
403 1978 1977
413 1977 1978
2074 686 1977
1977 581 2074
1331 2074 581
413 581 1977
685 686 2074
1302 2074 1331
1330 1331 581
1302 685 2074
563 1437 1302
563 568 1437
2129 1426 568
401 2129 568
1973 2129 401
1751 1973 401
1998 401 568
272 1751 401
1972 1973 1751
1972 2114 1973
1498 679 1972
281 829 679
1833 1731 829
1906 2171 1277
1905 936 2171
1382 1905 2171
937 936 1905
2104 936 2105
1762 2105 936
1659 2104 2105
1764 2104 1762
699 1762 2104
505 1763 1762
925 505 1762
928 937 699
1762 699 937
908 928 699
1920 937 928
925 928 908
927 925 908
1762 928 925
1047 927 908
793 925 927
793 1382 1047
927 1047 1382
925 793 1047
1905 1382 793
1920 1905 793
1920 1382 2171
928 1382 1920
1906 1920 2171
927 1382 928
793 927 928
1762 793 928
936 793 1762
907 505 925
2105 1762 937
1659 2105 937
1277 1659 937
678 1772 830
1277 830 1772
680 678 830
1901 1958 678
680 1901 678
1902 1901 680
1003 1902 680
111 1901 1902
113 112 111
103 112 113
84 113 111
1667 84 111
103 113 84
91 103 84
85 91 84
2122 85 84
2136 1477 2122
964 2122 84
1270 1248 2122
479 1553 1005
923 446 1553
1443 1740 902
534 1741 1740
174 1105 1741
1106 1104 1105
1646 1106 1105
1301 1443 1646
923 1646 1443
1533 1301 1646
1356 1443 1301
174 1533 1646
1577 1301 1533
1740 1443 1356
534 1356 1301
1990 534 1301
2017 1356 534
1356 2017 1740
534 1740 2017
1106 923 1553
902 446 923
1646 923 1106
1246 1154 2054
1553 2054 1154
1389 1246 2054
1247 1154 1246
950 1247 1246
613 155 1247
1388 2054 1553
1874 2005 156
41 1262 786
1848 785 1262
785 1848 555
972 555 1848
1444 785 555
1153 1848 1262
94 1153 1262
549 1848 1153
1152 549 1153
972 1848 549
1541 972 549
971 555 972
1026 1444 555
1539 785 1444
1224 1540 1444
1539 1444 1540
1445 1224 1444
1131 1540 1224
1543 785 1539
816 1543 1539
815 816 817
1539 817 816
458 978 817
1058 978 458
1886 458 817
817 1539 1540
1131 817 1540
1798 817 1131
1797 1886 817
1172 458 1886
457 1058 458
1026 457 458
2107 1058 457
208 457 2040
1027 2040 457
1172 208 2040
2107 457 208
555 2107 208
1026 555 208
1058 2107 555
2174 1058 555
1815 978 1058
1815 1065 978
2007 300 1065
303 774 300
312 303 300
775 774 303
1701 86 775
1701 1677 86
2028 1615 1701
1010 1616 567
2149 567 1615
2028 558 2149
315 2149 558
1615 2028 2149
2131 558 2028
1863 2131 2028
1215 558 2131
558 407 315
1824 315 407
408 407 558
1215 408 558
1215 407 408
237 2149 315
233 237 315
567 2149 237
288 567 237
2023 1616 1010
1651 1010 567
1816 2023 1010
700 1616 2023
318 700 2023
145 1687 700
1687 145 283
2024 283 145
1241 1687 283
2024 1241 283
1995 2071 2008
674 2008 2071
222 1995 2008
2012 2071 1995
547 222 2008
547 1995 222
967 1995 547
843 967 547
294 967 843
2012 843 547
2008 2012 547
1995 843 2012
674 2012 2008
1945 2012 674
1945 674 1241
2071 1241 674
1034 1945 1241
841 2012 1945
294 841 1945
2071 2012 841
1241 2071 841
841 843 1995
294 843 841
294 1945 1034
2024 1034 1241
318 1034 2024
145 318 2024
294 1034 318
319 318 145
318 320 294
1856 294 320
1371 320 318
320 702 1856
1265 1856 702
700 702 320
1575 294 1856
967 294 965
1575 295 294
968 1348 1265
968 1726 1348
1159 1157 1726
1159 1726 1158
968 1158 1726
797 1159 1158
1156 1159 2113
797 2113 1159
725 1156 2113
1989 725 2113
1289 1989 2113
1287 725 1989
298 1017 2112
725 298 2112
1739 1017 298
299 463 1395
299 725 463
1289 1287 1989
1288 1287 1289
2113 798 1289
797 798 2113
2164 798 797
799 2164 1855
1109 1855 2164
1433 799 1855
2070 799 1433
234 1524 1109
236 1635 234
565 1854 236
207 201 1212
123 1212 1640
129 1212 123
118 123 1640
237 123 118
128 118 1640
1639 1640 565
933 1639 565
128 1640 1639
932 933 565
431 1639 933
118 1639 431
430 118 431
119 1639 118
1895 204 1639
128 1639 204
477 1895 1639
1681 204 1895
2152 128 204
118 128 129
1212 129 128
119 118 129
430 237 118
2110 1912 1824
301 1922 1912
1517 2061 1922
662 301 1912
354 1922 301
1517 1922 354
2102 1517 354
1862 1547 1517
1803 1862 1517
1803 1547 1862
1806 1803 865
1797 865 1803
268 1806 865
1799 268 865
1384 1804 268
356 1489 1384
321 1349 1489
1350 1693 1349
2013 1350 1349
1634 1693 1350
1790 1693 1577
1634 1577 1693
2056 1790 1577
1592 2172 1376
1592 152 2172
1909 2156 1376
1376 518 2106
1758 2106 518
1909 1376 2106
851 518 1376
2087 518 851
1790 2087 851
515 518 2087
974 1909 2106
1546 2156 1909
381 1546 1909
381 1235 1546
1231 1235 381
2009 1231 381
977 1608 1231
1783 2009 381
976 1231 2009
976 2009 505
2109 505 2009
224 976 505
977 1231 976
1858 977 976
1998 1858 976
690 1069 1858
687 1069 690
2075 687 690
2025 1163 687
1999 2160 1163
623 1776 2160
1606 1776 623
1999 623 2160
623 436 1502
382 1502 436
1606 623 1502
1999 436 623
1358 1502 382
2128 382 436
1810 1776 1606
2052 1810 1606
1076 1593 1810
1594 1809 1593
1890 2037 1423
795 790 2037
1624 795 2037
1459 795 2004
1623 2004 795
1035 1459 2004
789 795 1459
2168 2004 1561
795 1624 1623
2134 1890 1784
1423 1784 1890
1588 1784 1423
1890 1624 2037
1890 1892 1624
1785 1784 1588
1303 1785 1588
1979 414 1066
1303 1979 1066
2154 414 1979
413 1978 414
581 413 414
2154 581 414
1881 581 2154
1331 1979 1795
1881 1795 1979
406 1331 1795
2154 1979 1331
1330 1628 1795
406 1795 1628
1881 1330 1795
581 1628 1330
1881 1628 581
2154 1331 1330
1330 1881 2154
402 1303 1593
2118 1593 1303
410 402 1593
1979 1303 402
1628 402 406
410 406 402
1881 402 1628
1979 402 1881
1331 406 563
690 563 406
1302 1331 563
1998 568 563
1858 1998 563
690 1858 563
224 1998 976
271 1998 224
272 401 1998
271 272 1998
271 1751 272
947 1972 1751
949 947 1751
946 1972 947
948 946 947
1206 1972 946
1078 1206 946
1498 1972 1206
281 679 1498
831 1498 1206
830 831 680
1206 680 831
281 831 830
1833 281 830
1498 831 281
1003 680 1206
1067 829 281
1833 1067 281
1833 829 1067
830 1277 1833
937 1906 1277
937 1905 1906
1920 1906 1905
793 936 937
1920 793 937
1151 111 1902
1003 1151 1902
1667 111 1151
1385 1667 1151
1003 1385 1151
1487 1667 1385
964 84 1667
1270 2122 964
1600 1248 1270
479 1005 478
1305 478 1248
1600 1305 1248
1306 478 1305
516 1305 1600
516 1306 1305
1990 1306 516
534 1990 516
1307 1306 1990
515 534 516
1307 478 1306
2019 479 478
1388 1553 479
2019 478 1307
479 2019 1307
1388 479 1307
1307 1990 1301
2056 174 1741
1646 1105 174
515 1741 534
2056 1533 174
1533 2056 1577
515 1790 2056
1301 1577 1634
1388 1634 1350
1307 1301 1634
1388 1307 1634
1389 2054 1388
1491 1389 1388
97 96 1247
613 1247 96
950 97 1247
95 96 97
98 95 97
40 96 95
83 40 95
80 96 40
40 41 80
94 1262 41
83 94 41
541 1153 94
1152 1541 549
2076 972 1541
357 2076 1541
416 972 2076
416 971 972
1799 971 416
1027 555 971
1953 1027 971
2174 555 1027
208 2174 1027
1058 2174 208
1026 208 1027
457 1026 1027
1671 1444 1026
458 1671 1026
1027 1444 1671
1815 1058 208
1027 1445 1444
672 1224 1445
1798 673 817
1797 817 673
672 673 1798
1173 1886 1797
1240 1173 1797
1445 1886 1173
208 1173 1240
2102 1240 1797
670 669 2102
1240 2102 669
354 670 2102
661 669 670
208 1240 669
1517 2102 1797
1173 971 2167
1445 2167 971
2185 1173 2167
1172 971 1173
2180 2185 2167
1445 1173 2185
1953 1445 2185
1172 1886 1445
1172 1953 2185
2167 1445 1953
1027 1953 1172
2180 1172 2185
1172 1445 1027
2180 1953 971
2167 1953 2180
1172 2180 971
2040 458 1172
1027 458 2040
1671 458 1027
1173 208 1172
208 2068 1815
1954 1815 2068
669 2068 208
308 1954 307
671 307 1954
304 308 307
2007 1954 308
1815 1954 2007
300 2007 308
1065 1815 2007
304 300 308
775 303 312
305 312 300
306 312 305
304 305 300
306 305 304
1863 312 306
312 1701 775
1863 2028 1701
1215 2131 1863
312 1863 1701
306 1215 1863
407 1215 306
2110 407 306
2110 1824 407
933 288 237
1647 567 288
319 1010 1814
1009 1814 1010
566 319 1814
1816 1010 319
284 318 319
1817 284 319
1813 318 284
1813 1816 319
1009 1816 1813
2023 1813 319
2023 1816 702
1011 702 1816
1813 2023 702
1371 2023 319
145 1371 319
318 2023 1371
702 318 1813
1009 1813 284
2183 1009 284
566 1817 319
2011 284 1817
1651 1009 1818
1223 1818 1009
781 1651 1818
1814 1009 1651
566 781 1818
1011 1651 781
567 1814 1651
567 566 1814
1647 566 567
1818 1817 566
1647 1817 1818
782 1647 1818
1648 1817 1647
566 1647 782
1223 782 1818
1223 1647 288
768 288 933
432 768 933
2159 288 768
431 933 237
932 432 933
430 768 432
768 780 1223
2159 1223 780
1648 768 1223
932 780 768
288 2159 780
1647 1223 2159
1647 2159 768
782 288 780
1223 288 782
781 782 780
1009 1817 1648
768 1648 1647
2011 1009 1648
2183 1817 1009
1648 284 2011
2183 2011 1817
1223 2011 2183
1223 1009 2011
1223 284 1648
2183 284 1223
782 781 566
932 781 780
565 1011 781
1010 1651 1011
1009 1010 1011
1816 1009 1011
1265 702 1011
700 318 702
235 1011 565
932 565 781
430 932 768
432 431 237
431 432 932
237 430 432
932 430 431
2152 1639 119
1744 119 129
1212 119 1744
194 1744 129
193 194 129
1639 1744 194
477 1639 194
2152 1744 1639
1681 477 194
1744 1895 477
1681 1212 1744
128 119 1212
1212 1895 2152
1744 2152 1895
204 1212 2152
1681 1895 1212
194 204 1681
207 1212 204
119 128 2152
211 129 201
214 211 201
207 129 211
204 129 207
215 207 211
193 129 204
214 201 207
198 212 207
213 198 207
214 212 198
198 211 214
193 211 198
193 215 211
213 207 215
204 213 215
204 215 193
213 193 198
194 193 213
569 213 204
194 220 204
569 204 220
213 220 194
1859 220 213
1744 477 1681
1859 213 569
219 220 1859
219 1859 569
220 219 569
236 235 565
968 1011 235
1158 968 235
1265 1011 968
1371 700 320
145 700 1371
797 1158 235
2164 797 235
299 298 725
1739 298 299
235 234 2164
1109 2164 234
236 234 235
662 1912 2110
354 301 662
1941 354 662
661 1941 662
670 354 1941
661 670 1941
304 661 662
666 661 307
304 307 661
671 666 307
669 661 666
1954 666 671
2068 669 666
1954 2068 666
662 306 304
2110 306 662
1803 1517 1797
221 865 1797
1006 221 1797
1799 865 221
1383 268 1799
416 353 1383
355 1383 353
1799 416 1383
2076 353 416
1383 1384 268
356 1384 1383
355 356 1383
321 1489 356
2001 1349 321
1388 1738 1491
2013 1491 1738
1350 1738 1388
1891 1246 1389
950 1246 1891
1642 1891 1389
950 541 97
94 97 541
1642 541 950
94 98 97
83 98 94
95 98 83
40 83 41
1152 1153 541
1891 1642 950
1873 541 1642
1873 1152 541
1152 615 1987
1551 1987 615
1541 1152 1987
1873 615 1152
357 1541 1735
1987 1735 1541
1987 357 1735
353 2076 357
357 355 353
322 356 355
1663 322 355
321 356 322
357 1663 355
2099 322 1663
1663 357 1987
1551 1663 1987
1551 2099 1663
2001 2099 1551
321 2099 2001
616 2001 1551
322 2099 321
2013 1349 2001
1738 1350 2013
616 2013 2001
616 1491 2013
616 1642 1491
1389 1491 1642
615 1642 616
1873 1642 615
1551 615 616
856 971 1799
221 856 1799
1445 971 856
1006 856 221
672 1445 856
667 672 856
1800 1224 672
1798 1224 1800
1798 1800 672
1131 1224 1798
667 673 672
1006 667 856
1797 673 667
1006 1797 667
1790 515 2087
516 518 515
1758 518 516
560 1758 516
1734 1758 560
1600 560 516
974 2106 1758
381 1909 974
974 1783 381
2109 2009 1783
405 690 406
410 405 406
975 690 405
1076 975 405
2075 690 975
688 687 2075
1810 688 2075
1968 687 688
1970 1968 688
1969 687 1968
2052 687 1969
2025 1969 1968
688 2052 1969
2025 687 2052
1970 688 1969
1810 2052 688
1076 1810 2075
1607 2052 1606
1357 1607 1606
2025 2052 1607
1357 1502 1358
383 1358 382
1938 383 382
1999 1358 383
1357 2153 1938
1502 1357 1938
1606 2153 1357
383 1938 2142
1719 1502 1938
1607 1357 1358
382 1719 1938
2142 1501 1719
2153 1606 1831
1607 2153 1831
1969 1607 1831
1358 2153 1607
2025 2153 1358
1163 2025 1358
1968 1970 2025
1607 1969 2025
1970 1969 1831
437 436 1999
1719 382 2128
383 1719 2128
1163 1358 1999
803 1999 383
383 2142 1719
975 1076 2075
1076 405 410
1593 1076 410
2118 1594 1593
1588 2118 1303
879 271 224
949 1751 271
1078 947 949
270 949 271
948 1078 949
946 948 949
1003 1078 948
1206 1078 1003
947 1003 948
270 1003 947
1314 270 947
1610 1003 270
1610 1487 1385
488 1667 1487
488 964 1667
488 1270 964
560 1600 1270
487 560 1270
488 487 1270
1982 560 487
974 1758 2108
1734 2108 1758
1932 974 2108
683 1783 974
1782 1783 683
699 1782 683
2109 1783 1782
1879 2109 1782
1879 505 2109
505 907 506
1411 506 907
224 505 506
1047 907 925
908 907 1047
908 506 1411
908 1411 907
996 506 908
908 683 996
995 996 683
699 683 908
217 506 996
1209 217 996
223 506 217
218 223 217
224 506 223
832 224 223
203 879 224
269 271 879
946 949 1315
269 1315 949
1078 946 1315
1314 947 1078
1315 1314 1078
949 270 1314
270 269 880
879 880 269
1610 270 880
1315 269 270
1932 880 879
271 1315 270
269 949 1314
271 269 1314
271 1314 1315
879 203 1932
683 1932 203
683 203 832
224 832 203
217 683 832
974 1932 683
1734 1932 2108
2079 1932 1734
1237 880 1932
2079 1237 1932
1610 880 1237
1197 1237 2079
1197 1610 1237
1610 1385 1003
1197 1487 1610
1487 1197 488
487 488 1197
2079 1982 1197
487 1197 1982
1734 1982 2079
560 1982 1734
995 683 217
1209 995 217
218 1209 996
223 995 1209
832 223 1209
218 995 223
218 217 832
996 995 218
218 832 1209
2056 1741 515
1561 1035 2168
2004 2168 1035
1030 1035 1561
1032 789 1459
1459 1035 1030
1032 1459 1030
1031 1032 1030
1031 792 791
1030 787 792
1031 1030 792
653 787 1030
1561 1808 1030
653 1030 1071
1068 653 1071
653 654 862
1068 654 653
497 496 654
497 654 1068
497 1068 1070
1070 1294 497
399 497 1294
399 496 497
1162 496 399
1632 1162 399
2139 1162 1632
771 1632 399
1165 1162 2139
1633 2139 1632
2119 771 399
761 1632 771
1633 1632 761
1164 1162 1165
1967 1165 2139
1165 1220 1164
1967 1064 1220
1967 762 1064
1967 2139 1633
1967 1220 1165
1633 762 1967
1294 2119 399
1931 1032 1031
791 179 1031
1931 1031 179
485 179 791
1876 791 788
485 791 1876
1877 1876 788
1115 485 1876
378 179 485
276 179 378
772 378 485
1931 179 276
772 276 378
1135 772 485
1135 1115 1876
486 485 1115
772 1135 1876
1136 772 1876
1136 1115 1135
1136 1876 486
1877 486 1876
1115 1136 486
1135 485 486
1821 1136 1135
772 1136 1821
486 1821 1135
1877 1821 486
276 772 1821
2022 1269 1877
788 1269 2022
788 2022 1877
1443 902 923
2095 1060 796
1022 1018 836
1570 1351 176
177 1571 1570
1250 860 1571
1595 1696 860
177 1250 1571
2000 860 1250
1986 2000 1250
859 860 2000
1694 860 859
924 1595 860
858 1695 1595
1944 858 1595
860 1695 858
858 1694 859
924 858 859
860 858 924
1845 858 1847
1944 1847 858
1338 1845 1847
924 1847 1944
924 1944 1595
292 1847 924
282 1847 292
1338 282 150
2147 1338 150
1847 282 1338
2000 1638 1637
491 1637 1638
172 1638 2000
491 1638 1343
173 1343 1638
1343 173 1020
1380 1020 173
172 173 1638
1380 173 172
2018 1380 172
1826 715 1020
715 1826 1825
1516 1825 1826
1516 711 1825
1516 707 711
1380 2018 1516
1986 158 172
2000 1986 172
1344 158 1986
712 158 1344
177 1344 1986
177 1345 1344
177 175 1345
176 175 177
1570 176 177
1826 1020 1380
1516 1826 1380
177 1986 1250
480 1629 475
450 1629 480
451 450 480
290 1629 450
452 1554 450
449 450 451
452 451 480
1554 452 480
502 1183 108
1559 1398 2035
1245 1398 1514
57 297 47
650 297 57
56 1101 650
55 1101 56
1276 1102 55
1591 1276 55
1591 1102 1276
550 325 53
638 637 325
331 325 550
732 323 325
331 732 325
183 331 550
189 331 183
185 189 183
411 189 185
186 185 183
187 411 185
556 186 183
556 185 186
556 187 185
52 1591 55
1229 1228 1706
2215 1229 1706
2213 2115 1324
2310 2304 2294
2253 2295 2310
2345 2310 2294
2264 2310 2345
2253 2310 2264
2238 2253 2264
2238 2237 2253
2264 2209 2238
2210 2209 2226
2226 2205 2210
2305 2210 2205
2333 2352 2334
2265 2334 2352
2192 2333 2334
2379 2352 2333
2305 2379 2333
2369 2352 2379
2387 2369 2379
2311 2352 2369
2311 2369 2387
2305 2387 2379
1937 2311 2387
2202 2311 1937
2205 1937 2387
2311 2265 2352
2192 2334 2265
2239 2333 2192
2210 2239 2192
2305 2333 2239
2227 2192 2265
2227 2265 2311
2239 2210 2305
2387 2305 2205
2216 1253 2192
2204 2202 1937
2227 2311 2202
2216 2192 2227
2254 2227 2202
2227 2240 2216
2217 2216 2240
2241 2240 2227
2241 2217 2240
2241 2227 2254
2228 2254 2202
2202 2393 2312
2370 2312 2393
2266 2202 2312
2204 2393 2202
2360 2370 2393
2322 2312 2370
2360 2393 2204
2359 2322 2370
2274 2312 2322
2254 2217 2241
2274 2266 2312
2228 2202 2266
2335 2322 2359
2353 2335 2359
2323 2322 2335
2336 2335 2353
2370 2353 2359
2370 2371 2353
2336 2353 2371
2360 2371 2370
2203 2201 2337
2339 2337 2201
2306 2203 2337
2201 2394 2339
2362 2339 2394
2199 2394 2201
2323 2274 2322
2242 2266 2274
2242 2228 2266
2217 2254 2228
2218 2217 2228
2211 2082 2218
2242 2243 2218
2211 2218 2243
2228 2242 2218
2255 2243 2242
2229 2211 2243
2313 2306 2287
2276 2287 2306
2274 2313 2287
2360 2306 2313
2323 2360 2313
2203 2306 2360
2337 2339 2338
2288 2338 2339
2230 2337 2338
2380 2394 2199
2372 2380 2199
2362 2394 2380
2314 2362 2380
2354 2339 2362
2361 2354 2362
2340 2339 2354
2341 2340 2354
2324 2339 2340
2337 2230 2306
2229 2306 2230
2288 2230 2338
2341 2324 2340
2288 2339 2324
2278 2230 2288
2211 2229 2230
2276 2306 2229
2277 2276 2229
2275 2287 2276
2243 2277 2229
2255 2276 2277
2243 2255 2277
2275 2276 2255
2244 2230 2278
2324 2278 2288
2314 2278 2324
2341 2354 2361
2341 2361 2362
2199 2381 2372
2315 2372 2381
2200 2381 2199
2314 2380 2372
2325 2324 2341
2325 2314 2324
2296 2278 2314
2279 2244 2278
2231 2230 2244
2245 2231 2244
1370 2230 2231
1370 2211 2230
2256 2244 2279
2280 2256 2279
2245 2244 2256
2296 2279 2278
2325 2341 2362
2314 2325 2362
2315 2314 2372
2346 2315 2381
2289 2314 2315
2232 2289 2315
2296 2314 2289
2279 2289 2280
2257 2280 2289
2296 2289 2279
2256 2280 2257
2232 2257 2289
1370 2231 2221
2245 2221 2231
2232 2221 2245
2257 2245 2256
2245 2257 2232
2307 2315 2346
2342 2307 2346
2232 2315 2307
2381 2363 2346
2347 2346 2363
2385 2363 2381
2388 2363 2385
2200 2385 2381
2389 2385 2200
2232 2215 2221
1706 2221 2215
2307 2215 2232
2307 2258 2215
2212 2215 2258
2308 2258 2307
2267 2258 2308
2342 2308 2307
2326 2308 2342
2347 2342 2346
2348 2342 2347
2388 2347 2363
2348 2347 2388
2389 2348 2388
2200 2198 2389
2382 2389 2198
2197 2198 1222
2298 2342 2348
2298 2326 2342
2297 2308 2326
2308 2297 2267
2281 2267 2297
2246 2258 2267
2246 2212 2258
1229 2215 2212
2247 2212 2246
2281 2246 2267
2373 2328 2327
2290 2327 2328
2348 2373 2327
2382 2328 2373
2283 2290 2328
2282 2327 2290
2389 2382 2373
2364 2328 2382
2198 2197 2364
2309 2364 2197
2382 2198 2364
2234 2364 2309
2383 2309 2197
2234 2328 2364
2298 2282 2281
2246 2281 2282
2297 2298 2281
2327 2282 2298
2191 2212 2247
2268 2247 2246
2233 2191 2247
2268 2246 2282
2290 2268 2282
2348 2327 2298
2283 2328 2234
2390 2383 2197
2355 2309 2383
2365 2355 2383
2291 2309 2355
2235 2234 2309
2290 2247 2268
2283 2247 2290
2329 2355 2365
2390 2365 2383
2384 2365 2390
2194 2390 2197
2196 2390 2194
2343 2365 2366
2374 2366 2365
2374 2343 2366
2329 2365 2343
2330 2329 2343
2291 2355 2329
2299 2291 2329
2235 2309 2291
2233 2283 2234
2234 1324 2233
2283 2233 2247
1324 2234 2235
2344 2343 2374
2384 2374 2365
2330 2374 2384
2375 2384 2390
2375 2390 2196
2330 2384 2375
2330 2299 2329
2284 2291 2299
2284 2235 2291
2292 2284 2299
2316 2299 2330
2344 2330 2343
2330 2344 2374
2316 2330 2375
2196 148 2195
2317 2196 2195
2214 2317 2195
2316 2196 2317
2196 2316 2375
2300 2292 2299
2316 2300 2299
2285 2292 2300
2285 2284 2292
2259 2235 2284
2285 2259 2284
2236 2235 2259
2235 2236 1324
2213 1324 2236
2248 2236 2259
2260 2248 2259
2249 2236 2248
2286 2259 2285
2300 2286 2285
2260 2286 2300
2317 2300 2316
2195 2193 2293
2269 2293 2193
2250 2195 2293
2260 2259 2286
2249 2248 2260
2213 2236 2249
2261 2213 2249
2261 2249 2260
2300 2214 2260
2261 2260 2214
2317 2214 2300
2213 2261 2214
1103 2214 2195
2376 2193 2220
2376 2349 2193
2318 2193 2349
2350 2349 2376
2214 1103 2213
2269 2250 2293
2190 2195 2250
2301 2269 2193
2318 2301 2193
2318 2269 2301
2367 2350 2376
2319 2349 2350
2319 2318 2349
2269 2318 2319
2270 2250 2269
2223 2190 2250
1103 2195 2190
2223 1114 2190
2189 2223 2250
1114 2223 2189
2270 2189 2250
2262 2189 2270
2319 2270 2269
2319 2320 2270
2262 2270 2320
2350 2320 2319
2271 2262 2320
2224 2262 2271
2356 2271 2320
2350 2356 2320
2367 2271 2356
2367 2356 2350
2331 2271 2367
2224 2271 2331
2332 2331 2367
2391 2332 2367
2251 2331 2332
2220 2391 2367
2188 2332 2391
2220 2188 2391
2251 2332 2188
2251 2224 2331
2224 2189 2262
2225 2224 2251
2188 559 1147
1123 2188 1147
2225 2188 1123
2225 2251 2188
2224 1114 2189
1123 1114 2224
2225 1123 2224
2376 2220 2367
2389 2373 2348
2297 2326 2298
2385 2389 2388
2204 2203 2360
2371 2360 2323
2274 2323 2313
2323 2336 2371
2335 2336 2323
2275 2242 2274
2255 2242 2275
2287 2275 2274
2123 986 1447
29 509 27
244 240 29
