2.164937799999999868e+01 8.971804000000000556e+00 1.197165299999999988e+01
1.489462600000000059e+01 1.355149199999999965e+01 1.401792999999999978e+01
1.485950899999999919e+01 1.361758799999999958e+01 1.378029100000000007e+01
1.545729599999999948e+01 1.389172899999999977e+01 1.407105400000000017e+01
1.587570799999999949e+01 1.408336399999999955e+01 1.399705800000000089e+01
1.496512000000000064e+01 1.358748899999999971e+01 1.417314900000000044e+01
1.463988100000000081e+01 1.329148999999999958e+01 1.351263600000000054e+01
1.431390999999999991e+01 1.330479300000000009e+01 1.328133200000000080e+01
1.490906000000000020e+01 1.334677300000000066e+01 1.297395900000000069e+01
1.539605099999999993e+01 1.341778099999999974e+01 1.207411100000000026e+01
1.325168200000000063e+01 1.261343600000000009e+01 5.597744999999999749e+00
1.436955099999999952e+01 8.346024999999999139e+00 4.157460000000000044e-01
1.652371000000000034e+00 1.909264800000000051e+01 3.036019999999999830e-01
-3.044573999999999891e+00 2.616554100000000105e+01 1.110657000000000005e+00
-7.044970000000000399e-01 2.681781399999999849e+01 6.506160999999999639e+00
5.753422999999999732e+00 2.797000500000000045e+01 5.491696000000000133e+00
9.620976999999999890e+00 2.458830999999999989e+01 7.086452000000000417e+00
1.723015600000000092e+01 3.766576000000000146e+00 1.949180000000000079e-01
1.710692799999999991e+01 -5.508456999999999937e+00 3.682409999999999850e-01
2.920214700000000008e+01 -8.730366999999999322e+00 8.581004999999999328e+00
2.581306299999999965e+01 -7.363434999999999953e+00 1.145100399999999929e+01
2.608618200000000087e+01 -6.978123000000000076e+00 1.199328000000000038e+01
2.798129700000000142e+01 -5.036437000000000275e+00 1.327336700000000036e+01
2.401297999999999888e+01 1.539611000000000063e+00 6.312217999999999662e+00
2.365191799999999844e+01 1.775573999999999986e+00 1.012054200000000037e+01
2.323410799999999909e+01 1.499479999999999924e+00 8.865320000000000533e+00
2.295334799999999831e+01 1.636217999999999950e+00 9.911832999999999672e+00
2.269908500000000018e+01 1.827109000000000094e+00 1.022857999999999912e+01
2.313367699999999871e+01 1.920201000000000047e+00 1.015470000000000006e+01
2.340991400000000056e+01 2.041955000000000187e+00 9.984576000000000562e+00
2.399322300000000041e+01 2.389879000000000087e+00 1.067601699999999987e+01
2.129464899999999972e+01 2.597576000000000107e+00 1.517876099999999973e+01
1.953372999999999848e+01 1.737008000000000107e+00 1.363253699999999924e+01
1.930150199999999927e+01 1.836206999999999923e+00 1.366203299999999921e+01
1.729966699999999946e+01 1.702917999999999932e+00 1.430138600000000082e+01
1.627572400000000030e+01 6.616177999999999670e+00 9.799505999999999162e+00
1.517354699999999923e+01 1.303566400000000058e+01 7.617683999999999678e+00
1.570341600000000071e+01 1.335177299999999967e+01 7.043006000000000100e+00
1.573237999999999914e+01 1.318833700000000064e+01 6.422875000000000334e+00
1.585543799999999948e+01 1.323474399999999918e+01 6.127182000000000350e+00
1.613562599999999847e+01 1.352476899999999915e+01 6.195380000000000109e+00
1.631437700000000035e+01 1.347323800000000027e+01 6.471116999999999564e+00
1.616724400000000017e+01 1.341044100000000050e+01 6.538194999999999979e+00
1.622561299999999918e+01 1.346464800000000039e+01 6.579752000000000045e+00
1.650600599999999929e+01 1.373327100000000023e+01 6.345977999999999675e+00
1.680804099999999934e+01 1.364715900000000026e+01 6.460252999999999801e+00
1.725868600000000086e+01 1.382028200000000062e+01 5.804870000000000196e+00
1.739489000000000019e+01 1.387707299999999933e+01 5.948171999999999571e+00
1.740263399999999905e+01 1.399074399999999940e+01 6.276440000000000019e+00
1.725264400000000009e+01 1.406049800000000083e+01 6.383595999999999826e+00
1.790127800000000136e+01 1.454151200000000088e+01 5.068350999999999829e+00
1.724012899999999959e+01 1.371575299999999942e+01 5.370074999999999932e+00
1.687475399999999937e+01 1.376393999999999984e+01 5.139203000000000188e+00
1.559332400000000085e+01 1.335514599999999952e+01 6.344978000000000229e+00
1.499510700000000085e+01 1.304535899999999948e+01 6.728453000000000017e+00
1.517768900000000087e+01 1.294828399999999924e+01 7.252048000000000272e+00
1.497103000000000073e+01 1.288277500000000053e+01 7.250015999999999572e+00
1.498739100000000057e+01 1.283474000000000004e+01 8.547814000000000689e+00
1.517950599999999994e+01 1.324447400000000030e+01 9.017920000000000158e+00
1.531960699999999953e+01 1.300868400000000058e+01 9.118282000000000664e+00
1.348156900000000036e+01 1.208779299999999957e+01 1.191633400000000087e+01
1.738889100000000099e+01 7.599533000000000094e+00 1.327492699999999992e+01
1.772510099999999866e+01 7.632299999999999862e+00 1.308887999999999963e+01
1.797445499999999896e+01 7.775577000000000183e+00 1.368186299999999989e+01
1.795421400000000034e+01 7.816584999999999894e+00 1.367885500000000043e+01
1.818866699999999881e+01 8.070384999999999920e+00 1.416809600000000025e+01
1.911822499999999891e+01 8.277188999999999908e+00 1.390351500000000051e+01
2.164937799999999868e+01 8.971804000000000556e+00 1.197165299999999988e+01
1.652371000000000034e+00 1.909264800000000051e+01 3.036019999999999830e-01
-1.276965799999999973e+01 1.268394600000000061e+01 4.880519999999999858e-01
-2.496989800000000059e+01 -8.566017999999999688e+00 1.403865099999999977e+01
-2.569754000000000005e+01 -8.104426000000000130e+00 1.483622300000000038e+01
-2.553483599999999853e+01 -8.152770000000000294e+00 1.496116100000000060e+01
-2.497851599999999905e+01 -8.174851000000000312e+00 1.505898999999999965e+01
-2.500115800000000021e+01 -8.117798999999999765e+00 1.523379000000000083e+01
-2.494688800000000128e+01 -7.989240999999999815e+00 1.576109800000000050e+01
-2.512584700000000026e+01 -7.874500000000000277e+00 1.589790499999999973e+01
-2.515180199999999999e+01 -7.992549000000000348e+00 1.530969799999999914e+01
-2.546793699999999916e+01 -7.980817000000000050e+00 1.508385700000000007e+01
-2.559985700000000008e+01 -7.974668999999999563e+00 1.519660499999999992e+01
-2.532807199999999881e+01 -8.466269999999999740e+00 1.395170300000000019e+01
-2.340855799999999931e+01 5.353100999999999665e+00 6.752010000000000511e-01
-1.772911600000000121e+01 8.438086999999999449e+00 3.598520999999999859e+00
-1.166625400000000035e+01 1.566876700000000078e+01 6.249337999999999838e+00
-1.392964599999999997e+01 1.622818399999999883e+01 1.240272799999999975e+01
-1.389404200000000067e+01 1.611918100000000109e+01 1.202133300000000027e+01
-1.362912599999999941e+01 1.592459099999999950e+01 1.194560800000000000e+01
-1.341414699999999982e+01 1.566718499999999992e+01 1.010234099999999913e+01
-1.387792299999999912e+01 1.591690099999999930e+01 9.771490999999999261e+00
-1.381208700000000000e+01 1.589976300000000009e+01 9.476271999999999807e+00
-1.398882300000000001e+01 1.585456499999999913e+01 9.735364000000000573e+00
-1.414489299999999972e+01 1.603060899999999833e+01 1.008322599999999980e+01
-1.351151300000000077e+01 1.573255600000000065e+01 1.090890100000000018e+01
-1.368147399999999969e+01 1.596762000000000015e+01 1.183282200000000017e+01
-1.329226500000000044e+01 1.323480799999999924e+01 1.243818599999999996e+01
-1.947169900000000098e+01 1.640543600000000168e+01 3.038816000000000184e+00
-3.044573999999999891e+00 2.616554100000000105e+01 1.110657000000000005e+00
-7.044970000000000399e-01 2.681781399999999849e+01 6.506160999999999639e+00
3.821130999999999833e+00 2.858040400000000147e+01 1.377537300000000009e+01
5.211852999999999625e+00 2.679539899999999975e+01 1.458818400000000004e+01
3.748850000000000016e+00 2.635436599999999885e+01 1.143239400000000039e+01
3.853886999999999841e+00 2.651827799999999868e+01 1.020603799999999950e+01
3.638237999999999861e+00 2.689647099999999824e+01 1.029652899999999960e+01
5.753422999999999732e+00 2.797000500000000045e+01 5.491696000000000133e+00
8.659890000000000754e+00 2.431235300000000166e+01 8.027480999999999867e+00
7.401797000000000182e+00 2.929741900000000143e+01 1.310862499999999997e+01
3.885393999999999792e+00 2.788100400000000079e+01 1.237202100000000016e+01
3.544579999999999842e+00 2.715910500000000027e+01 8.030827999999999633e+00
1.043698000000000015e+00 2.216051900000000074e+01 8.718465999999999383e+00
-1.015919000000000016e+00 2.497422200000000103e+01 8.039075999999999667e+00
-2.448342999999999936e+00 2.114594699999999960e+01 6.588693000000000133e+00
1.652371000000000034e+00 1.909264800000000051e+01 3.036019999999999830e-01
-1.576191500000000012e+01 9.568704000000000320e+00 9.708932000000000784e+00
-1.631688300000000069e+01 9.975369999999999848e+00 1.097529499999999913e+01
-1.647130999999999901e+01 9.994113999999999720e+00 1.106311499999999981e+01
-1.654928400000000011e+01 1.016919099999999965e+01 1.158963100000000068e+01
-1.799541100000000071e+01 1.099045500000000075e+01 1.262313999999999936e+01
-2.338248300000000057e+01 2.518365999999999882e+00 1.474417000000000044e+01
-2.104427300000000045e+01 9.714359999999999662e-01 1.399810100000000013e+01
-2.068430700000000044e+01 8.345289999999999653e-01 1.393195599999999956e+01
-2.055057299999999998e+01 7.822489999999999721e-01 1.399657999999999980e+01
-2.007717500000000044e+01 4.887819999999999943e-01 1.351903199999999927e+01
-1.830139399999999839e+01 9.432350000000000456e-01 1.471635400000000082e+01
-2.109442500000000109e+01 1.159741799999999934e+01 1.234417499999999990e+01
-1.907606300000000132e+01 1.149729400000000012e+01 1.184714300000000087e+01
-1.539165700000000037e+01 1.707217199999999835e+01 1.102783200000000008e+01
-1.484006300000000067e+01 1.655906299999999831e+01 9.981293000000000859e+00
-1.544257799999999925e+01 1.688653599999999955e+01 9.635384999999999422e+00
-1.561706500000000020e+01 1.688965599999999867e+01 9.619382999999999129e+00
-1.611306199999999933e+01 1.706106399999999823e+01 8.439572000000000074e+00
-1.639167399999999830e+01 1.711192300000000088e+01 8.214340999999999227e+00
-1.617768900000000087e+01 1.706075999999999837e+01 8.085119999999999862e+00
-1.610157600000000144e+01 1.693995999999999924e+01 7.946934999999999860e+00
-1.517799199999999971e+01 1.650811200000000056e+01 7.472939000000000220e+00
-1.947169900000000098e+01 1.640543600000000168e+01 3.038816000000000184e+00
-1.767263200000000012e+01 9.604088000000000847e+00 5.853622999999999799e+00
-1.738134000000000157e+01 9.557914999999999495e+00 6.337730999999999781e+00
-1.751644500000000093e+01 9.807935000000000514e+00 6.286151000000000266e+00
-1.699111399999999961e+01 9.608848999999999307e+00 6.530927000000000149e+00
-1.772911600000000121e+01 8.438086999999999449e+00 3.598520999999999859e+00
-1.593569300000000055e+01 9.340875000000000483e+00 8.921984000000000137e+00
-1.606131200000000092e+01 9.642182000000000031e+00 9.574121999999999133e+00
-1.576191500000000012e+01 9.568704000000000320e+00 9.708932000000000784e+00
