63.222241 11.355361 6.121359
64.096779 11.567038 6.403689
60.811161 24.234426 6.416599
59.859195 23.805883 6.906081
59.859726 23.965719 6.053148
63.260729 11.114142 9.402669
4.691613 2.409084 7.438047
7.717185 2.376878 7.383787
6.986241 2.458041 7.965330
5.471642 2.474632 7.956859
9.952462 2.366288 3.707023
9.939636 2.447704 4.028685
8.631005 2.494248 6.409935
9.196081 2.612682 5.323411
3.285803 2.550909 6.474409
3.727226 2.491391 6.553990
2.978555 2.542190 6.410346
2.935814 2.566757 5.341674
58.062676 32.283150 7.098176
57.136741 31.844501 7.705034
60.144602 23.596047 9.438596
62.242177 10.876473 9.190355
63.770620 12.944442 6.584105
62.894034 12.750990 6.248894
61.905576 12.235221 9.330719
62.870879 12.479323 9.531490
9.943571 2.677893 0.970451
9.940656 2.808173 0.280400
9.949694 3.378121 4.103262
9.964721 5.007620 0.265561
9.970285 3.985074 4.358126
9.989434 3.876631 5.155228
9.157897 3.317990 5.231370
2.947250 3.338297 0.270891
2.948491 2.812866 3.745418
2.965624 5.077964 0.265560
7.129002 2.497271 0.306495
5.444285 2.857310 0.266342
9.309838 2.431313 0.312057
57.228659 31.894434 6.723465
55.094298 39.168578 7.145505
53.987889 38.837030 8.078609
57.031982 1.921284 7.947140
56.778338 1.928190 7.793681
56.413285 1.905343 7.531477
57.338579 1.979262 8.187659
60.303499 1.850838 7.523679
60.158084 1.905001 7.813607
57.982112 1.980746 8.282959
59.322630 1.963995 8.248144
58.787836 1.979099 8.344130
57.540173 31.791988 9.999958
61.742596 2.498637 5.404410
61.736183 3.356284 2.384706
59.173531 23.259926 9.243358
61.713667 2.359371 6.148886
61.715468 2.614452 6.243173
60.730892 2.080611 7.143946
54.799054 3.250952 5.326797
56.034345 2.224564 6.981411
55.149599 2.785218 6.072113
55.626452 2.428987 6.670180
54.695440 2.159231 3.042037
54.698571 2.385449 4.620189
54.726448 2.752427 0.948927
54.701916 1.943731 4.658113
54.681529 1.886070 4.315458
54.718394 3.338999 5.301063
60.338975 25.559093 6.660248
59.232108 25.030184 7.524737
59.226805 25.316632 6.165172
59.618271 24.908660 9.615189
58.688854 24.574917 9.627738
61.755215 5.579624 0.265548
61.742745 4.044760 0.265145
54.756069 5.649959 0.265564
54.734027 3.454484 0.265560
54.729890 3.003726 0.322735
56.294928 3.432587 0.286374
55.116920 2.909651 0.325379
54.113271 38.798403 6.760489
49.204195 45.402863 3.098935
48.472911 44.485231 3.732253
54.421666 39.143720 10.212392
48.246172 46.382716 11.621401
48.575268 46.649581 8.341989
56.688308 31.396527 9.945735
57.596200 33.538080 7.285448
56.227697 32.728761 9.991810
56.682498 33.179420 6.918770
57.017866 33.029766 10.135804
49.263257 47.334939 8.700937
45.642937 47.122753 3.398507
46.229526 47.594050 3.125367
53.369647 38.971101 10.087421
54.709398 40.543503 7.124882
53.677810 40.220802 6.798462
52.943551 40.193768 10.007017
53.958754 40.492455 10.173538
45.816101 47.447524 4.148228
16.361602 48.186145 6.794628
17.116425 47.553193 6.759818
45.815846 47.328786 4.528204
49.065484 47.087123 11.615210
10.097942 42.018696 7.286692
11.021994 41.567129 6.985502
46.687982 47.685938 5.063254
16.322042 48.237225 9.759069
11.613667 41.109480 10.031513
46.516270 46.986044 5.516700
47.622400 47.649462 8.508942
47.339862 47.327562 11.539181
48.353702 48.332169 8.731972
48.107965 48.038668 11.687792
47.814646 47.166521 5.640321
47.547834 46.108996 5.907299
48.669766 45.873292 5.419870
48.395119 45.048539 5.198089
52.574953 26.667062 9.127278
52.721000 26.668442 8.967515
10.604025 41.599064 10.183239
17.081877 47.581055 9.949367
48.843131 44.891626 4.142031
52.470079 26.622414 9.025461
15.459219 47.181780 6.839313
16.264869 46.491495 6.759756
16.248782 46.564202 9.887239
15.472178 47.188064 9.804414
52.681264 26.560979 8.997030
52.560028 26.627332 8.775609
17.762497 32.013183 4.731431
48.936450 22.076788 5.366606
49.263914 21.223356 5.744984
48.806128 20.251575 4.924124
49.355506 22.507838 6.018637
48.986130 22.249804 7.648431
16.254153 42.231198 9.990430
48.379943 24.622518 4.809886
9.479906 40.818648 7.246860
10.405889 40.393335 6.903601
10.669340 40.138486 8.745631
5.847784 25.287168 7.053018
10.922112 39.823166 9.997612
10.042672 40.370917 10.142964
6.468677 23.060005 9.231091
54.372650 27.007160 9.238481
12.291915 41.908805 4.422905
41.809926 39.299021 0.285805
42.440627 38.355671 0.270143
5.050186 25.135989 7.374002
55.519011 14.465998 8.500843
49.385203 21.867109 10.181788
43.312592 40.826966 6.794496
49.300227 42.157337 0.960976
52.942792 40.043276 2.720194
52.307184 41.409223 5.715820
52.697312 40.523402 4.593621
53.114380 39.598189 1.806716
52.009393 10.520832 8.620202
5.671259 25.108877 6.691062
14.662676 17.424942 9.734729
13.694849 17.608736 10.250948
16.149294 42.295031 9.298846
49.349333 45.346620 2.822419
49.336529 44.904163 1.364509
52.288819 8.398657 7.331608
14.604976 23.178605 11.289766
15.232554 23.593730 11.197526
4.834777 24.961372 7.065445
12.862789 17.157972 10.154102
13.179262 26.855182 8.369326
4.778372 21.886336 6.499241
52.750545 12.097356 10.320116
53.287073 12.448075 10.427245
47.694537 41.216241 7.772537
52.489980 14.073365 5.883313
53.083605 14.593621 6.854810
53.202057 13.243653 7.200577
18.533358 48.202738 6.380810
32.402659 48.575522 10.265807
0.079683 5.822321 3.452201
11.570214 6.272927 1.399125
11.421540 5.886782 2.890639
64.235270 5.180746 3.293311
6.918959 24.927553 9.597810
64.074415 5.349941 3.373346
64.242156 5.376026 3.463854
63.933889 5.745870 3.136374
63.488086 6.721261 4.150034
64.121589 5.143330 3.678477
32.140193 50.968991 10.670077
3.849846 23.372233 7.564321
33.140191 50.683011 10.015653
52.633731 26.632761 8.540588
52.908723 26.661753 8.723806
54.239349 2.251689 3.624694
7.519276 15.492657 8.038674
7.419783 15.430793 8.377712
52.397832 26.545168 8.312241
15.246726 19.054527 2.738977
14.352852 18.298194 3.604340
52.395877 26.569987 8.680510
4.284536 24.594518 7.566410
43.336963 46.663725 10.882141
52.881689 26.580048 8.537250
0.609177 13.471702 2.468308
0.501484 14.348439 1.571814
52.476337 26.531651 8.618573
51.758727 34.544543 9.792081
49.500357 19.639705 5.600831
49.594980 17.700841 8.710448
52.505175 26.608578 8.504567
52.270203 26.474520 8.425063
52.774121 26.645763 8.436705
52.269262 26.618653 8.571730
52.696996 26.545677 8.425250
13.724090 35.005890 8.155627
43.070935 46.200882 10.115668
43.135600 46.249859 10.102919
53.367142 26.724230 8.400021
53.070055 26.683069 8.350385
49.720597 34.198600 8.088402
53.398053 26.844949 8.043675
43.042322 46.336922 10.182437
42.677021 46.417077 10.569033
51.561026 26.244965 8.392324
52.256862 26.459830 8.608829
51.441139 26.678413 8.273191
52.169317 26.517307 8.166419
10.372627 27.873818 6.904460
10.124531 27.840799 6.713543
3.901690 23.569287 7.199253
17.360769 37.399696 10.802787
50.956485 27.338908 10.327276
52.479816 25.485761 10.448331
53.770601 25.937949 10.917411
52.386327 25.981211 10.185157
53.185642 26.985486 9.832704
2.478588 13.443065 6.464982
4.068909 22.322005 7.212558
11.695463 6.779214 0.265531
11.736537 7.056558 0.265554
11.691378 5.355417 0.266917
12.328932 8.037116 1.855601
11.859205 7.816383 0.264299
4.836804 21.672919 6.812567
1.420561 9.671858 3.914697
21.081859 47.313169 12.674315
5.261866 25.455983 3.824659
5.067687 27.352488 1.893164
56.667792 2.289070 7.510460
54.733142 3.083672 8.705145
10.753981 27.586986 8.303720
10.640165 27.532216 8.156784
12.567555 35.222872 8.851665
12.246427 35.286396 8.806494
60.129658 23.063107 3.394902
5.497858 24.338542 4.227796
59.804973 21.522566 4.035840
60.119381 19.928191 4.352856
5.727540 22.607600 8.504331
4.516095 26.083759 1.436165
42.167075 49.784319 7.141747
43.690334 49.615194 10.726805
55.063823 3.662886 10.092373
55.019135 5.234256 9.898895
54.941760 4.285903 10.278531
6.851825 10.911507 9.351463
48.304635 34.398999 7.999618
43.525182 47.307555 11.813300
43.819994 47.497864 12.140729
43.420581 47.443779 12.107688
43.362959 47.746015 12.598076
15.167049 34.772870 8.188003
32.454005 49.342038 9.698485
32.526776 49.690203 10.265174
32.436885 48.412106 9.632322
1.512486 9.018559 5.547338
1.818685 6.617996 4.632834
27.127510 49.255674 10.140182
27.172348 49.432292 10.550288
43.947100 47.772959 9.935521
55.482884 14.456581 7.788086
54.249914 26.956740 9.219573
54.208194 26.846450 9.342548
11.330334 27.573722 7.089023
11.340968 27.509831 7.340685
58.287904 28.293246 2.190600
53.753415 26.921325 9.539298
58.512729 15.776861 8.586762
57.450011 15.068587 8.563709
54.823202 14.794384 9.289750
55.286684 14.318718 8.020597
59.456358 2.205804 8.183703
54.541684 26.906112 7.795738
54.871229 27.138979 7.417385
58.885163 2.310569 8.222093
60.225854 2.274241 7.915055
57.994989 20.661926 11.193677
58.219904 19.426112 11.218195
54.269067 32.742386 12.060448
49.598272 30.217535 11.340214
57.231204 14.990483 8.255336
54.734354 31.977357 12.345246
52.037994 30.932056 11.279274
52.968792 31.058484 11.832567
52.598014 30.126083 11.288935
51.863641 31.867759 10.337363
53.103303 32.728766 11.185095
27.340798 47.075675 10.871509
12.700330 35.199791 8.532728
12.895556 35.152470 8.748154
54.400122 31.127209 12.206137
37.809703 49.805762 10.536270
12.930970 35.134815 7.917924
52.669200 27.592671 10.044224
14.313218 16.652049 9.792025
12.836342 11.573973 8.728333
54.587671 26.916364 9.304456
54.353637 26.986319 9.434259
54.812013 26.929330 9.325437
46.590480 37.709872 10.626030
47.051086 36.982570 10.503048
63.489339 4.392529 3.996008
15.199007 39.615454 12.222606
63.540490 4.073781 4.326682
57.233216 30.460391 6.978071
11.802991 7.906714 3.344454
11.141601 5.884540 3.440575
9.379763 9.068269 7.218624
19.370456 47.351905 4.279093
63.950202 4.701577 3.868334
17.571044 33.210415 6.074561
17.538872 30.245491 4.996799
61.072165 20.966268 2.071968
60.763344 19.898919 3.878217
16.759021 30.112695 8.958110
20.134519 34.269119 4.063184
19.433956 35.110775 5.176528
16.533424 41.860569 8.913910
16.444520 41.954745 8.887137
37.835184 49.527681 9.643202
11.039263 27.557184 8.024474
12.152438 9.040734 8.149341
11.983702 8.068598 7.749396
19.995209 48.457824 8.323766
36.738580 47.198824 10.556901
30.303775 51.646065 9.496125
53.572730 36.211970 5.945699
7.628425 15.838723 6.731041
7.112173 16.076462 6.716040
29.036561 51.130984 7.140048
28.090041 50.968290 8.402643
49.562698 34.783994 10.435330
49.208598 31.401633 10.691120
47.859376 35.081832 9.999996
46.560180 35.965709 10.435713
49.631548 35.942625 10.475554
3.094936 9.179092 9.431262
56.573449 18.145602 9.996535
56.576237 17.276726 9.954526
7.422386 15.697349 6.903585
6.024514 17.372284 6.130885
6.666654 16.333073 6.741580
36.158610 45.575143 8.426351
35.369213 45.392668 9.123873
50.697619 25.567869 7.650102
50.908531 25.543706 8.116987
10.923968 27.425581 9.414498
11.245828 27.362582 9.454428
10.156231 28.063731 10.089457
32.344527 48.933665 8.809590
35.277512 48.824507 0.927195
32.443483 48.666643 8.775537
32.405360 48.728898 8.705509
32.432751 48.605177 8.836380
32.359383 48.746308 9.126842
32.549384 49.877175 10.786472
32.302927 48.290906 9.375570
32.455591 48.808824 9.008049
11.058708 39.430009 0.268862
42.626687 43.633561 8.588353
37.445628 48.073089 8.960605
37.687799 48.125269 8.919178
11.430685 35.317267 7.519728
12.304469 35.387503 7.539253
10.641440 35.570678 6.916777
11.129050 36.206040 7.050352
10.839885 36.801154 6.959377
11.526960 36.069313 7.352736
10.815356 35.300098 7.244867
10.729125 34.978854 9.395567
15.783039 19.927937 8.574270
26.607626 49.847655 10.648389
25.518467 50.185809 10.514895
26.448598 50.300674 12.613292
10.464968 35.166959 6.709588
7.135676 3.090861 7.545671
6.409822 3.544298 8.607362
25.792148 48.892079 15.036792
5.079169 3.110089 7.523011
43.208870 48.968372 13.454240
38.104752 49.495406 11.845678
37.819445 50.147519 11.283576
37.772346 49.963813 10.877896
38.172740 49.320950 11.232663
38.278575 49.523720 11.593365
52.102744 28.653185 9.722404
52.536892 28.799272 9.745961
31.473952 51.128878 8.706142
38.030142 49.204028 11.298995
63.668549 5.153291 3.483324
62.717390 4.742386 4.923658
37.953811 50.213769 11.783048
37.753763 50.310286 11.960620
64.019507 7.006679 3.501369
49.623936 34.290435 9.920252
21.121956 46.975101 12.529198
52.846359 6.232264 7.777541
10.397266 27.605606 8.958104
43.373478 35.388584 3.436644
8.070594 15.694412 6.662776
12.928392 26.927370 8.385070
10.062374 15.107240 6.930866
10.126370 14.968922 7.268541
10.352476 15.136841 6.502015
10.114444 15.144921 6.626946
21.261157 47.440034 12.015906
9.928984 19.125441 8.711089
8.355531 32.670042 5.120948
53.174810 26.781541 9.290769
53.234171 26.630219 9.300954
53.213815 26.818621 9.381867
3.200062 4.405612 5.446440
2.588344 6.012136 6.813203
16.123775 32.926447 7.746656
37.376426 48.013763 8.482276
37.607250 48.658785 8.214043
14.034885 37.519907 11.686914
14.044104 38.209552 11.860654
11.529169 38.516231 11.513675
13.598838 34.997376 8.038023
46.386061 35.445823 7.726421
32.761378 50.798542 14.117315
32.804157 50.838638 13.284983
31.353772 49.182634 1.768354
48.501859 41.864691 9.268474
15.942788 35.724965 10.246943
9.228902 6.045887 8.368529
57.443400 15.024981 8.664320
57.511535 14.990086 8.781723
57.342564 14.925793 8.726758
57.392740 14.914176 8.702714
56.764064 14.776506 7.958533
56.282773 14.603204 9.326879
7.103926 6.453081 7.501973
57.262566 15.080067 7.355569
51.803594 34.454655 9.556428
51.765750 34.493286 9.478313
56.831732 14.891295 7.845704
57.109734 14.914009 7.591172
57.052792 14.977738 7.734099
56.880909 14.940120 7.406186
56.597900 18.839307 10.463315
57.536088 15.288572 7.331704
18.158884 46.832440 3.268513
57.040818 14.848895 7.810773
57.471729 14.916268 7.749072
57.177550 15.062869 7.733618
56.960300 14.946958 7.858856
57.626464 15.333087 7.438051
56.577455 14.772610 7.658918
57.158612 15.018404 7.759176
13.365170 35.084278 8.834547
13.358653 35.128623 8.602243
57.304734 14.889387 9.323075
57.439258 14.892619 9.150189
53.094140 26.598699 8.900859
48.238161 41.801809 9.646518
48.525622 41.833387 9.599396
57.544675 14.903640 8.990706
56.698464 14.879489 7.667727
57.433170 14.975502 8.628728
9.271162 15.023625 8.047760
9.078925 15.216246 8.002464
32.239394 48.105124 9.157164
32.317361 48.180435 8.963032
47.777694 43.513295 13.211256
48.304224 44.124463 13.316478
18.341768 48.433284 9.297831
12.347328 9.502988 0.268279
56.339291 13.890429 9.826961
56.322347 12.493198 9.319416
63.386774 9.801039 3.906877
21.955530 45.459491 9.199812
21.964831 45.630680 9.347064
27.339991 47.797773 11.616919
27.433954 48.488304 12.956331
62.364839 8.822834 9.740185
16.406918 39.678259 11.220503
0.582897 10.070411 3.316678
1.060246 12.260990 3.546796
12.457695 41.407463 11.735842
11.335672 5.237218 8.544984
10.057715 3.973500 7.409716
42.424690 45.458974 8.952684
42.917582 46.131616 9.720933
11.257582 7.878320 7.933334
8.858787 3.298333 5.873915
10.458931 3.473552 0.268462
26.869386 50.150743 13.123409
53.659481 15.114175 9.263205
51.986302 15.282152 9.760533
1.628537 11.552438 3.946825
60.217501 18.982679 4.670839
46.476461 41.026829 8.483421
46.895983 41.394845 9.918265
60.566134 20.091084 5.924799
45.967467 41.078815 8.687303
12.451308 35.412945 9.080941
60.352367 18.651215 6.306982
12.544245 35.234041 9.044019
8.375942 30.142167 5.611326
7.930017 33.140767 4.469229
8.175076 31.192808 5.311799
10.530808 15.492785 8.236448
15.047316 24.322513 10.841489
13.300165 25.706179 10.020090
7.861260 31.152479 0.269916
9.116459 33.947925 5.324061
9.016843 29.219483 6.194225
7.243536 31.461608 3.517154
21.462542 46.288218 11.449167
7.863509 33.080477 2.746149
47.909280 41.560944 8.864774
6.419546 29.936770 2.942522
26.138965 41.960676 6.952570
15.119195 42.736598 10.683551
15.970469 42.492335 10.065238
14.847541 27.494669 9.516753
10.782819 27.728290 6.952762
52.259811 39.574522 12.853392
16.586479 30.508755 6.887797
12.354506 35.470157 9.720142
36.742826 50.110626 6.847901
38.191379 50.007716 5.224340
34.682512 50.873468 6.760873
53.645152 26.814500 7.899978
49.949634 18.259207 5.457017
51.859011 36.487645 12.102300
63.168501 4.871168 0.273259
30.825006 51.250821 7.541178
25.374776 49.791395 4.565543
28.743606 49.244247 1.856088
23.559356 49.275370 4.069833
51.741169 34.725434 9.760703
64.289845 5.642529 3.209047
13.283174 41.542966 12.511956
53.685258 28.533787 9.957261
39.516697 40.805542 0.265624
47.068108 42.163599 11.402029
59.373328 23.283359 3.833314
16.588511 41.933901 8.824549
39.748803 49.402929 11.588542
24.071092 41.766410 6.943779
53.403511 26.435552 10.305110
53.922706 26.948044 9.591311
54.115638 27.077098 9.867850
42.337263 49.608271 13.565971
53.113509 26.734638 8.234987
21.925998 46.627783 8.214944
21.312961 47.142125 8.439490
21.815873 47.262161 8.048242
22.090696 46.096202 8.417687
23.052270 48.611933 6.131197
22.112828 47.977140 7.268451
20.906112 47.582876 7.583836
20.359187 47.595370 5.923980
20.398409 47.836273 4.393951
21.459200 46.840363 9.095631
21.740556 46.277194 9.255332
37.993776 50.305662 11.965644
11.312494 27.500425 6.760139
15.265598 25.113637 6.113168
10.726238 4.155856 2.644084
18.138365 41.134740 8.745408
14.125755 42.931343 1.595270
13.864468 42.993309 2.843588
14.831377 43.982240 2.453971
13.739375 41.780657 0.294099
14.617644 42.966957 0.872218
28.328330 48.233888 0.410045
28.977824 48.403733 0.782725
15.500673 44.547956 11.188585
25.535698 47.776012 0.661376
12.731355 35.205978 8.865972
12.742742 35.297704 9.016826
14.540796 34.788056 9.235547
13.868020 34.991235 9.656810
48.301233 28.298990 6.453910
47.822367 24.022159 3.190335
21.754582 46.823849 9.309661
7.050683 19.468655 10.798585
11.323517 14.612243 6.237550
39.654931 51.514323 9.734864
40.425315 50.467502 6.587759
35.865673 50.031348 4.288854
34.193185 50.034448 3.677121
2.323193 9.317776 8.073994
21.877700 46.329742 9.208564
10.410418 27.394367 9.303630
21.675375 46.829164 9.542830
63.014870 6.033285 7.945880
53.718733 39.960928 5.587046
38.298287 47.561242 0.923319
50.329111 38.938799 13.226341
49.343414 39.409812 12.312486
9.569285 28.960615 10.766782
9.876063 29.750827 11.170240
9.162925 30.553365 11.162941
11.281355 23.813697 9.914394
12.135098 23.937053 9.677154
13.090676 23.572916 10.423297
37.303147 47.581121 8.564734
9.295767 26.805797 10.378263
9.680623 25.974843 11.124996
5.912839 20.059470 10.047227
14.671823 34.772495 8.979291
10.968670 15.046142 6.240404
14.910215 42.684868 7.005952
18.456692 36.061294 7.615266
17.540512 35.959661 9.576900
18.398392 37.141329 8.165541
18.009316 37.479145 9.888237
57.717075 26.613293 5.256477
24.734337 43.132387 7.685789
24.090262 43.650431 8.226642
63.023291 3.562342 4.682056
63.374216 3.907454 4.505469
7.843279 31.747742 7.607601
21.969758 45.702721 11.841289
24.128906 45.126074 10.425337
21.694849 46.090485 10.679565
21.479709 47.141897 10.298026
20.786029 48.054722 9.928167
21.442364 47.223499 10.712550
8.928565 34.322765 7.507179
9.732274 35.881463 5.838010
58.415974 2.393660 8.072825
8.129313 33.219633 1.384656
61.338913 2.812382 6.661410
27.009098 49.926633 12.096068
27.079857 49.848367 11.485067
27.709432 48.670805 11.697554
27.510060 48.255363 12.107612
3.294589 12.277556 8.592543
4.631333 12.191978 10.016869
10.376415 38.748373 4.999342
49.944391 27.450472 7.327564
49.710507 41.763413 1.934920
47.373112 32.176102 6.606178
51.097964 31.789526 9.790501
50.596340 30.299713 10.881478
14.939040 18.061827 5.117845
44.200806 36.001838 4.428521
44.371390 37.458474 6.069508
51.546849 32.796638 9.952125
50.628614 34.401981 7.755395
53.789472 34.704088 6.577948
50.641798 33.609733 10.054552
49.781066 32.278327 10.215725
51.860629 32.560599 10.593245
51.035674 34.479039 8.005740
50.978356 34.336547 7.845588
53.421499 26.758921 8.615887
11.370109 27.561323 7.327418
11.264003 27.517455 7.730511
16.462988 42.000120 9.318189
45.199071 48.464480 8.020086
44.047083 48.814462 10.354657
45.047922 48.375117 9.934963
10.575701 27.660185 6.918809
11.621499 27.488760 7.155035
43.077688 45.757248 10.379455
13.049162 27.064852 8.298130
38.386448 51.893564 12.745945
38.038975 51.173450 11.367147
37.820885 48.390642 9.921503
37.661976 48.496592 9.972846
48.119530 20.213475 2.989797
38.046831 48.704826 10.408500
11.608942 27.285230 9.219377
15.707084 28.199361 6.815671
16.824274 29.028075 6.187086
10.918157 27.591808 6.486899
13.113207 27.006297 7.909086
13.300951 26.953827 7.926383
13.235820 26.877350 7.909042
26.152348 50.435964 14.242464
43.355946 46.498585 8.494482
54.743778 27.182534 9.451973
60.877658 7.587426 10.957812
54.714875 26.914825 9.587387
8.882076 34.769314 4.710401
9.706664 34.616845 5.896781
54.154630 5.768942 9.749737
53.979313 7.064487 9.288771
53.273172 8.494683 9.990366
53.396067 16.873914 10.501973
52.611512 8.512862 9.192903
53.552207 7.403561 9.349805
53.913545 8.660563 10.171252
52.375893 9.853432 5.217135
52.435375 11.147295 5.589136
55.776470 7.769262 8.447967
56.636157 9.263551 9.011559
53.624187 5.563497 9.494280
55.866941 6.322965 8.652166
33.160308 44.953987 7.763639
10.587496 27.683301 8.047319
50.251488 21.167077 10.848943
50.924052 21.901838 10.992793
49.636886 23.270314 11.281892
51.523844 20.492319 9.982177
51.815226 21.242804 10.411024
56.895631 21.220828 10.726720
27.148888 51.043773 13.136262
64.270970 6.506429 2.757312
55.065365 27.693448 7.286426
55.387526 27.860288 7.240519
16.438605 42.072728 9.441459
63.049724 4.002127 4.401314
63.714935 4.389945 4.062224
62.837117 3.455500 4.867358
12.229820 35.459859 9.330268
58.672672 25.945364 6.926015
43.399932 47.955174 7.591808
23.498554 44.175412 8.639551
43.167383 48.470793 7.049341
10.169533 9.448126 7.457501
15.768900 44.058255 6.306666
15.993726 43.129197 7.158695
14.730274 42.844737 7.738812
21.578859 46.960083 9.951085
16.739059 41.794077 8.081317
13.930125 42.594457 5.877223
21.599123 47.757038 10.444358
12.076255 27.109227 8.972930
15.953806 42.272401 7.990211
13.926396 43.178749 4.584371
15.471529 29.327757 10.809678
16.016799 24.255366 10.329537
15.420490 24.983533 10.421569
53.459964 16.104427 9.581400
52.303429 15.631654 10.205532
49.946077 25.324331 6.681093
50.158349 24.643282 6.890296
49.894021 24.986056 7.714428
44.847337 40.567247 7.362175
19.274141 48.322604 13.698576
19.370208 48.648566 12.197361
24.088647 49.429943 14.875822
22.381299 48.589877 14.520422
23.188350 49.253402 11.133420
17.605204 40.576777 8.934772
17.096505 47.227429 13.234629
17.624885 47.352971 13.830030
17.284269 41.635468 8.208639
53.641126 26.844738 9.420837
12.942338 35.214056 9.376991
19.722046 47.802689 13.982242
25.164616 49.623265 15.020577
32.431659 48.244229 9.207249
45.638693 37.040589 7.679294
55.897485 32.099102 11.451609
55.690832 30.875844 11.799050
10.089803 4.534193 8.254098
7.579560 15.646254 8.073007
7.558561 15.733554 7.742100
54.191778 16.804142 9.606580
53.510904 26.747727 9.567693
53.852008 26.716192 9.774194
53.847963 26.877678 9.659368
54.648306 16.301543 9.432551
54.866660 17.920525 9.290742
53.376105 35.831456 7.374687
54.018780 37.312153 6.384840
28.477260 47.979593 11.005432
31.726986 46.216364 8.498176
33.143449 48.336559 11.399603
33.229902 49.177288 13.189894
31.959790 47.929749 10.161540
31.075390 47.682090 10.509268
43.443821 47.107308 8.997709
30.903544 45.943454 9.375629
32.719075 49.529179 14.220114
29.795795 45.682080 9.484786
54.363783 23.762176 10.290008
53.896583 21.530363 9.897168
53.423872 22.406611 10.140175
60.337975 7.068028 10.657466
59.249354 6.699945 9.239666
37.783789 48.748301 8.827636
37.706125 48.180070 8.589439
58.324162 27.438195 3.854857
59.343878 25.615711 3.565622
58.695592 25.490967 4.222175
37.621957 49.805846 10.011334
37.848996 49.868206 10.028491
37.847056 49.682766 9.980994
16.096353 42.564849 9.669477
15.948098 42.475285 9.622542
49.874644 19.830934 10.003701
10.460745 36.928785 0.268247
32.455416 48.745044 8.895939
53.543260 34.659333 7.087917
52.833168 35.156476 7.021021
52.178529 34.450690 7.680319
64.512522 9.691692 1.911215
18.538409 45.179355 13.015500
17.238514 43.210690 12.441261
7.803017 25.625579 10.192587
7.998622 24.340225 10.942136
11.020568 27.758165 6.555247
13.526100 27.091336 7.680813
13.381198 26.814698 7.873928
12.164724 25.748864 10.422992
13.475099 24.342891 10.056853
51.194903 16.167263 5.503172
43.724972 47.604642 9.294584
44.301890 48.081624 9.202599
44.135589 47.864005 10.344107
43.186854 46.395209 10.342676
15.390094 38.170247 10.812575
15.348595 36.966586 9.880222
22.320081 43.663509 8.649632
51.823141 17.390273 11.393222
22.045274 46.938855 0.593391
59.266396 11.073471 11.123837
59.669789 9.903407 10.816006
5.128420 20.031216 8.268313
54.100178 26.853383 8.334799
2.554083 14.283052 4.382801
53.992036 26.825280 8.117306
6.468330 28.525363 0.285733
16.934294 39.847249 10.082664
16.233528 40.421734 10.431984
18.151880 38.848164 8.691748
16.812133 41.087182 10.118047
11.893117 41.955624 3.287762
10.800793 40.750345 3.257851
45.373147 40.670006 7.610818
12.935997 27.093890 7.911076
12.879625 27.143175 7.790134
13.128656 27.051790 7.791010
12.750695 27.017770 8.076059
50.047193 34.274034 8.161067
56.338119 32.398290 4.541127
54.796941 14.317056 8.051424
54.912272 14.228633 8.210717
54.638661 14.092907 7.929634
27.839820 48.168265 10.923722
27.642540 48.289053 11.218098
9.901909 38.788138 1.621903
11.710689 11.631714 9.319524
49.265944 33.917270 8.229732
13.285747 26.984937 7.375539
13.885513 26.671156 7.483382
14.267710 27.142650 8.814754
13.344562 27.013622 8.047918
5.441716 15.659046 6.636185
38.476068 40.525780 4.813337
36.436599 41.276494 4.746597
38.611816 48.168473 1.225989
16.148943 42.886047 7.920850
16.493682 42.336408 7.852357
12.758071 9.923680 2.274375
13.012170 10.535692 5.353273
12.381518 10.801563 3.336581
43.451991 47.025366 11.326285
44.179741 47.108783 13.529532
15.201594 34.457145 8.234947
32.795346 50.007872 5.558314
32.090926 49.894833 4.480035
33.290687 50.006053 6.353954
33.727023 49.761016 4.908682
31.787288 50.286811 5.460596
62.127682 14.664315 4.281178
61.441563 14.364571 5.291924
9.470480 37.917478 2.423874
15.644980 22.570010 10.333379
15.782882 25.017223 9.082286
13.217156 35.160742 10.087742
12.677231 35.337814 10.137391
12.864799 37.516520 12.363621
12.114279 37.358429 12.161341
11.074650 32.579137 12.605151
10.526323 33.149684 12.217584
14.545887 34.747566 8.377013
14.471993 34.789796 8.795881
34.642577 46.538598 10.360415
48.323611 41.894472 9.109725
48.266811 41.766318 8.959626
59.993484 18.571397 8.515270
59.498297 18.848527 10.139846
60.838506 13.672315 9.469633
38.945539 43.516184 7.842949
43.210096 46.472374 9.422054
43.158976 46.214636 9.473388
12.345890 39.641499 12.986519
9.667917 33.471251 10.979940
11.181424 34.354204 11.499870
11.434153 37.054366 11.410437
60.003780 17.871940 5.123580
11.916235 27.394253 7.204492
1.397943 8.344753 4.012565
28.597449 44.259613 8.135405
0.088457 7.086110 0.267771
26.879085 43.227976 7.456157
27.595362 45.277722 8.979442
16.287586 23.486734 7.051021
16.462906 23.323020 9.116113
16.316657 21.096521 6.756271
48.476837 41.871216 8.855664
55.086643 14.220501 7.941831
43.334913 46.810639 9.153831
13.188840 35.134143 9.033491
43.476097 46.906910 9.180118
43.440665 46.849979 9.043911
16.296410 42.210455 9.736464
19.890917 40.674042 7.940768
19.082222 40.315298 8.502064
53.297979 26.629950 9.404370
53.237825 26.656243 9.516423
28.097609 40.943080 4.411015
25.462242 40.048601 4.487454
43.442985 47.123313 8.638322
43.492849 46.820285 8.467099
15.340318 26.068583 6.277541
27.262521 41.807764 6.104787
27.715466 47.711701 10.372646
20.918301 36.019524 4.497233
7.276841 22.795981 10.164516
15.572397 24.289734 5.132357
14.753594 25.942737 6.968807
15.638576 22.875652 4.412096
43.982667 47.875893 11.915319
44.050624 47.771153 12.117130
44.167461 47.754654 12.103754
43.856431 47.684595 12.060673
51.918290 40.580948 12.217616
4.169954 4.810490 7.693896
2.393695 3.126259 5.931603
2.577520 2.860541 6.090315
2.547914 7.829314 8.552026
3.720804 6.043886 8.827110
2.461504 2.916285 5.846085
1.851365 3.335472 5.410375
2.588942 3.777809 5.140576
6.270330 27.435062 4.221734
1.896008 3.389799 5.626704
7.462678 15.771325 7.003148
6.437869 26.390889 7.030168
2.774120 2.704500 6.286136
48.384882 45.177696 13.194199
54.394379 27.279685 7.563824
6.963612 8.059516 7.987720
54.036710 26.912228 7.774029
55.404090 26.293102 10.865400
57.338022 2.422505 7.714300
3.456531 22.823292 2.103963
50.684035 34.336803 9.491300
51.306739 34.792575 10.832947
3.341780 22.719979 1.331182
43.071651 44.941862 10.034248
38.041689 48.997817 10.604685
41.883114 45.692948 9.705279
39.859439 44.155840 8.940203
53.223344 34.879021 9.624316
5.370488 3.887733 8.526626
10.521202 27.559013 7.875128
17.484366 27.958272 4.391616
57.658514 6.845540 8.191277
17.758657 27.856073 3.202154
18.227659 28.197804 2.351097
31.091012 48.727106 0.621488
31.027151 48.647136 0.269392
10.718106 26.183259 10.919760
10.630377 26.653172 10.793044
32.158673 41.971408 5.007800
34.613934 41.648968 4.647801
32.959912 42.854533 6.052354
58.510934 15.885927 6.611314
14.314169 27.160254 7.369044
49.652742 17.285572 4.606558
43.119702 46.164612 10.088200
43.117911 46.122336 10.004155
59.162914 16.783391 5.897889
59.595235 17.319589 5.566345
14.806012 34.793217 8.672063
12.058608 13.483377 4.518153
59.682500 3.141345 9.476301
57.412246 30.066885 0.280129
44.754280 47.969020 13.140105
45.231813 38.742457 7.626710
48.512021 42.059973 9.476537
50.061484 34.197619 8.028160
11.976751 27.208373 8.814847
6.230466 15.876177 6.906293
54.126634 26.805598 9.612482
54.287262 27.072283 9.726164
54.278873 26.826767 9.883722
7.107378 31.476247 1.856574
11.191428 5.609390 8.881335
51.474050 12.978011 4.476747
6.723726 30.221614 1.492535
58.689202 22.793135 10.157617
59.276821 21.244989 10.043524
51.799949 16.796389 11.351482
50.508609 17.317923 10.841634
54.582439 10.795305 10.958537
50.965278 23.436693 12.014630
51.222202 16.434516 11.130964
9.551278 27.701785 6.839656
8.155133 27.661713 5.767755
7.556444 27.282266 6.700418
51.701160 34.615258 9.496202
51.538695 34.675445 9.600631
64.540527 6.668855 2.254726
6.233448 2.995817 7.902405
32.449660 49.257915 11.693311
32.436630 48.915998 10.940124
32.727595 48.512794 11.255897
32.640482 50.175398 11.269416
54.278388 26.880898 8.748784
32.366008 49.541456 12.369558
17.281513 36.217651 10.392086
16.259919 35.481363 10.140287
16.273755 35.008571 9.106329
15.993828 33.321483 7.992716
15.709851 33.706136 8.091891
15.863324 33.918380 8.563443
16.483928 32.892299 8.236294
10.052240 28.127506 6.902613
58.587662 15.124505 7.253457
26.319667 42.852606 7.235090
36.451302 50.700978 8.179336
43.420326 46.812590 9.398955
38.101916 49.830369 7.379481
19.798804 48.651898 10.766972
10.408472 15.111301 6.718934
10.202443 15.090082 7.082570
49.098774 20.648612 9.048684
49.138542 19.671889 8.233393
60.940795 17.564298 4.028516
60.814811 15.735338 5.006852
15.420096 28.314694 10.299775
43.414755 35.718419 3.395811
51.893842 34.559682 9.900745
12.263057 12.759296 3.867239
30.335236 44.486455 7.541581
12.744469 38.490673 12.745764
19.793342 47.021370 13.661056
20.506986 47.898460 13.395940
21.370333 47.573808 14.234009
55.139671 34.010398 10.163932
38.092375 50.307197 13.937120
43.784491 47.556579 9.631827
27.551373 49.008808 12.777533
38.653942 45.256219 9.217210
27.500868 49.415216 13.607110
28.090440 48.977089 12.258405
27.455635 50.891101 11.044257
45.603696 30.684982 2.244765
46.599186 27.388397 0.263042
38.190018 43.824673 7.332892
37.978879 49.063629 10.776838
0.189459 12.865672 0.266598
44.043278 47.705608 11.843581
3.256625 21.763952 0.266815
2.514744 19.596702 0.266178
10.866131 14.473326 7.882148
8.853395 14.909151 8.301414
9.044422 15.228243 8.120364
9.359321 15.182343 7.790599
9.360627 15.216172 7.962692
9.390533 15.203762 7.754932
9.467818 15.201560 7.934857
9.478272 15.100072 7.783675
9.194687 15.583669 8.838072
9.377166 15.227265 7.942913
13.488864 35.103500 8.172866
32.136261 50.643770 14.544499
9.730681 15.153205 7.434871
13.072278 35.162116 9.001178
8.758422 15.259368 8.064510
16.277298 42.475637 9.421702
37.787753 49.243647 9.712568
12.987913 35.214090 9.009722
8.293947 15.448738 7.607544
7.804534 15.675278 7.487881
62.132861 3.761645 5.772368
62.349875 3.175147 5.536711
50.005352 40.989106 0.265620
48.616909 42.177094 7.126177
47.940275 41.493270 7.697924
48.756241 41.618084 7.334123
15.703152 45.491768 3.083814
42.940339 36.311565 2.235846
51.945638 24.267951 10.282988
49.041750 44.946495 0.306565
14.208894 20.487932 9.137720
46.423816 46.714518 0.278344
49.738181 41.121892 0.870917
49.383603 42.021392 0.265537
32.261871 48.147649 9.022906
34.634204 48.056337 11.542221
11.935521 35.850757 10.649909
10.977209 36.940295 9.643618
57.559975 15.260280 7.239119
22.672672 38.500632 5.208885
8.095080 3.361746 6.697074
8.138418 4.182374 7.615141
48.000401 45.913609 0.267666
48.420310 46.406436 2.483226
46.588514 47.528617 2.247111
57.649358 15.166933 7.312856
57.733455 15.281624 7.117542
43.155610 48.729707 3.203317
61.853383 6.188408 10.208244
13.614235 16.109522 9.469338
51.524813 34.547676 7.613666
49.426290 23.853479 6.789144
49.143496 23.528690 9.802132
44.671971 48.099692 2.784615
32.287739 48.184483 9.080821
32.342760 48.138697 9.018402
51.790194 18.938790 10.287254
11.886835 13.591357 8.902145
12.461534 12.674189 9.320186
42.086498 48.240075 1.940670
40.348192 47.346945 0.263539
8.011937 15.604006 7.343083
12.748060 42.575483 6.066284
27.346575 50.217279 9.791183
27.194276 49.582794 10.905714
16.820181 31.788307 9.440143
44.055967 47.213586 0.266947
22.106430 45.545291 9.862479
22.003859 45.674445 9.711266
7.478860 12.192337 9.578690
45.520869 47.984361 12.925753
51.744495 37.837716 12.935949
52.759981 37.886923 11.928843
50.945907 41.963712 7.170785
40.467917 40.884574 5.916928
57.356848 22.325910 11.087855
57.467476 24.103811 11.091370
55.504391 25.338811 11.080775
56.209474 23.569858 11.248593
23.903853 43.371607 8.260097
25.230905 42.773924 7.368972
23.753209 46.995171 12.881593
37.650908 46.545621 8.847077
22.329414 45.979839 12.512156
21.993371 46.420032 13.763915
22.551221 44.953996 8.714098
63.152584 13.271964 3.574230
61.829626 17.755765 1.985282
63.183397 14.576357 0.266444
19.080241 40.832635 8.366703
28.157738 51.640841 13.147475
50.989309 34.190214 9.432424
50.923213 34.120166 9.427676
21.265747 39.596339 7.321733
37.577458 49.414225 9.332131
18.958218 41.417864 9.323030
21.028269 41.468729 8.525609
21.947778 41.457204 7.655174
21.471027 40.972493 7.473441
19.208720 43.699617 10.678670
21.877820 48.569935 5.772769
15.101013 44.187335 5.101306
11.455532 42.102095 6.812617
37.770407 49.052844 9.195885
38.053117 49.603841 7.997089
15.188330 30.469839 10.961417
23.402084 44.878798 10.232067
6.503019 5.027114 8.589077
26.383985 50.254683 14.636269
16.845941 38.416690 10.991338
27.643674 50.523656 14.137076
32.742362 50.612397 12.502412
32.726297 50.383828 11.889865
12.219201 40.525078 12.731090
10.361929 27.572689 7.972030
12.431140 29.182375 10.007332
46.876519 45.418520 14.015001
13.036159 28.283802 9.756753
10.511643 37.397109 6.137573
9.692993 28.417928 6.832694
16.872412 25.193831 3.826335
63.156110 11.196038 3.870818
63.751086 11.168408 3.282303
9.247303 31.926420 11.454665
56.193942 33.761918 7.341654
44.115231 47.855596 11.412627
8.131322 20.052552 10.836508
12.839693 18.352004 10.015830
43.055744 46.312028 10.046623
13.966265 21.741515 9.787456
12.543327 21.785626 9.264961
52.718855 26.544088 8.920641
22.829803 47.711882 1.120322
24.037179 47.267697 0.345182
52.998575 29.410883 10.389144
21.300523 47.797013 12.939826
12.391410 27.131765 8.488064
41.670876 50.532725 13.898751
21.263671 46.528299 12.002463
21.492918 46.382279 13.337567
13.545254 14.208752 0.269844
44.713564 33.579287 0.265268
53.778652 26.733117 9.328827
51.427838 34.669294 7.914711
19.745663 45.171232 11.565552
13.034152 27.192873 9.273698
11.997589 27.213217 9.030554
55.257834 34.463051 1.449771
54.643504 34.011981 0.305347
14.525189 26.106766 8.200438
40.934629 43.909721 8.279908
13.769495 36.594786 10.802059
12.878905 27.069016 8.624773
23.783701 49.515222 7.391224
42.133540 42.236203 7.878323
47.434843 23.161664 0.267736
44.866927 46.424161 13.873497
39.268848 52.516362 12.866015
18.274094 41.074115 8.809002
50.393069 33.860273 9.604227
54.127814 27.061921 8.649525
7.211509 18.458941 9.952434
4.666150 14.719023 8.337766
51.992816 8.821794 4.424821
15.086578 17.234330 7.089106
50.576857 42.044757 10.776322
52.604565 41.318381 7.811658
49.091208 42.976150 11.214242
58.742496 14.972884 8.527313
53.696865 13.639732 7.915856
27.215232 49.843352 14.136253
27.835077 50.024658 14.299811
61.229339 19.158781 0.273154
36.337961 48.595945 0.888160
14.742492 17.445616 0.265294
61.410086 6.803619 10.896389
11.503551 10.309478 8.561718
62.035620 13.798867 4.716330
10.334091 27.750856 8.102274
60.044265 8.590427 9.953604
14.904731 21.227622 9.902654
53.808797 37.052039 8.541336
57.677963 11.059535 9.717367
12.778629 12.882081 6.060702
56.380223 26.543900 10.082591
5.160912 11.780419 10.184176
6.066696 13.343625 10.404788
57.783702 17.432231 9.779568
32.652759 46.308476 8.517666
48.735856 43.440683 12.649741
16.187097 28.520235 8.308033
8.554916 10.372752 7.880358
9.381137 10.892293 8.083554
17.572928 40.141087 9.678217
21.182456 47.379820 12.356002
62.341727 2.832965 5.788272
43.786051 47.435542 8.825379
54.179596 3.289103 0.277798
2.269329 5.699103 4.878323
1.103234 6.858036 3.989648
0.358498 4.783251 4.086956
10.131923 38.687579 7.345258
10.333615 39.687154 5.601639
10.054716 39.567479 3.758005
10.583838 27.497836 9.324368
10.090538 25.376037 11.223597
55.615833 20.257205 9.715073
53.481677 20.620343 9.463678
54.698805 21.280873 10.287974
61.683739 8.426560 10.566959
60.863845 10.277635 10.992747
62.888104 9.905293 8.017260
8.774469 29.188872 10.098337
27.366164 48.928534 13.811069
28.540731 46.612646 9.938809
7.575219 18.128915 9.511156
6.726599 16.823286 9.328596
6.693152 18.070397 9.327831
12.568810 35.357554 9.312523
12.677901 35.238527 9.366804
47.898898 41.325165 9.019600
38.911278 51.760627 13.584260
38.339607 49.520408 14.281111
54.914342 34.506594 7.360710
47.952306 41.613273 9.637475
48.101223 41.631171 9.403085
48.282652 41.645139 9.767714
8.876914 13.534584 7.790711
11.759494 15.174041 5.788346
35.697666 48.054475 0.282177
10.557919 14.834488 7.142676
44.334008 39.826301 7.372712
53.527421 38.080901 0.648705
43.813642 47.491718 11.928541
43.790607 47.611221 11.978499
53.339228 5.711868 4.917413
52.799494 7.577889 5.024552
52.705070 6.254769 4.047047
54.289525 3.978320 5.063107
7.551244 15.514917 7.763935
7.764556 15.564876 7.703683
7.500116 15.599388 7.444898
8.018629 15.439302 7.801518
53.590050 37.669602 0.267253
20.342313 35.470226 0.266156
20.075635 34.237872 0.323476
19.228738 32.330613 0.266874
57.660057 15.362987 7.086060
58.011174 15.557963 6.885204
38.190572 50.050645 12.012806
38.143757 50.200040 12.206840
2.260217 18.980741 1.601432
12.059294 27.199073 8.933461
30.920958 48.745336 0.260077
58.025038 15.584607 7.207876
59.125009 17.155627 8.559072
59.899478 15.015371 6.232117
55.598738 14.480875 8.289224
46.400254 29.013532 3.788360
61.215011 14.265271 7.204612
11.974043 33.371925 11.536944
52.420370 14.922429 6.241211
55.410216 12.273254 9.657875
52.433387 11.821023 6.320863
52.647668 12.179009 6.149910
12.621144 31.954738 11.660362
49.089670 28.406332 9.111324
57.269057 25.955885 10.215334
46.606451 38.478172 10.348542
47.397810 39.806270 9.930557
53.446682 14.536471 7.528007
36.902248 47.623274 0.307540
40.404823 49.158199 2.916841
16.564267 42.193503 9.612227
54.517215 27.121005 8.632600
48.075306 41.620360 8.651850
37.550680 48.094838 9.349304
37.682362 48.008501 9.287571
15.833359 45.551419 7.231734
24.285189 39.569254 4.809037
15.955611 44.587973 0.329681
15.678086 45.108357 1.640384
49.637646 23.533358 6.371759
38.935358 51.362241 9.721782
38.874050 52.247958 12.145845
16.496217 46.177774 4.937305
16.721208 46.285030 2.413789
13.448686 35.097784 8.137790
59.258977 25.678777 0.269969
57.991933 27.681608 0.275934
54.546608 27.092404 9.384462
61.391705 4.898768 9.192375
0.007281 10.912486 1.878243
42.557802 37.365810 4.335559
37.768994 49.334239 9.736548
43.796731 41.054461 7.758718
61.072711 3.558983 8.818891
59.940638 3.441333 9.637259
10.237505 14.954645 6.881641
53.142830 11.122152 11.248875
5.279045 7.755473 10.017617
43.601590 47.236260 9.215153
48.299073 34.399808 9.473513
46.273441 35.489885 9.128112
45.800310 47.405308 14.208647
21.159412 46.717977 0.284598
22.980260 46.835412 0.313423
48.836096 41.731289 10.196331
50.118039 41.626748 11.598552
4.202097 3.581551 6.387624
51.630958 8.447015 2.887137
13.214193 11.082724 6.903972
11.599432 5.072643 1.683072
58.282123 17.383417 9.799585
58.406266 17.910789 10.413128
13.222036 35.205966 7.952267
12.431900 35.353474 9.702732
13.158524 15.773209 6.026415
12.677932 15.349090 6.978368
12.496286 35.264398 9.255543
12.486990 35.317352 10.085578
12.518983 35.230347 8.665220
12.641255 35.384653 8.584706
12.637187 35.385888 8.636048
12.269580 35.329786 9.411977
12.500037 35.460720 8.685111
39.005420 49.628919 3.639046
12.533928 35.356457 9.513912
39.328470 41.895229 6.517666
11.364043 16.594582 8.510827
43.124271 46.339209 9.539362
24.360159 40.289064 0.265911
22.436479 38.568355 2.671086
22.493369 39.031287 0.266910
27.808015 50.334942 6.842152
27.292297 49.757047 8.397656
26.321464 49.740749 8.172701
27.410605 48.868906 9.512138
27.244327 48.965335 9.021351
8.212650 7.508925 7.536490
13.021678 12.555552 8.435393
25.636747 49.770591 6.958399
35.482715 49.638344 14.860241
43.241136 50.561869 13.064280
41.709614 51.589176 13.416041
42.177738 50.993241 13.737183
6.075879 28.588960 3.410452
24.489402 49.193460 5.399596
25.612607 43.227209 8.505594
50.485124 17.116995 5.411004
15.986382 28.732306 10.327281
10.539408 27.736827 7.845520
52.621361 23.285994 10.974815
16.004279 42.522685 9.946546
15.909628 42.911065 9.733272
16.312439 42.407753 10.074072
40.390126 50.847020 13.803842
39.843119 52.126136 13.674579
8.643844 18.582168 9.310706
12.667827 34.839930 10.985483
5.888043 18.186189 7.675328
6.732503 16.261557 7.925320
48.227429 41.601283 8.563758
51.681066 34.748874 9.255005
50.871048 34.441579 9.370567
16.502452 42.285393 9.135229
29.996512 42.528600 0.271121
10.947672 40.405316 4.136855
43.505693 35.848655 3.745057
44.593372 33.118525 3.926269
12.347754 35.615890 7.571662
31.220137 49.225756 0.661671
30.932039 49.238186 0.530578
30.352935 48.835297 1.236558
30.730619 49.221031 0.274220
30.058024 50.285735 4.298418
32.520313 49.366881 2.725249
4.171840 18.601359 4.318284
32.641218 49.187930 12.731552
29.280758 50.466024 14.355889
15.482395 44.014484 10.241612
33.519058 50.857890 8.250769
22.002996 45.861847 9.423088
22.006692 45.571209 9.566716
54.687171 34.298783 5.596323
55.151527 34.861787 4.108319
53.783503 37.326241 4.881720
53.492309 38.507245 4.013066
54.077951 38.194469 3.327769
60.870846 9.175996 10.307174
61.691489 9.652550 9.604064
22.809996 45.033846 10.303142
40.742006 39.398949 4.806704
41.937973 38.391098 4.881269
22.107075 44.173928 9.310669
20.666243 40.641187 7.633885
49.099764 45.278731 7.842000
24.462126 49.920870 8.050190
26.293177 50.168980 6.754742
50.528235 12.498013 0.268786
16.318236 42.285906 10.083383
37.681550 49.723706 10.302962
49.473586 41.517184 6.143928
49.177458 41.608380 6.686410
10.262760 15.048884 6.394024
10.536692 14.941059 6.471012
46.951701 46.445983 14.255867
42.331638 39.948223 6.657990
45.863782 36.963341 9.846526
13.627107 29.438901 10.009493
49.327652 40.327476 11.294364
34.213885 44.916798 8.714093
13.516256 39.870978 13.361178
13.389339 26.750709 8.335694
13.360039 26.969597 8.404809
13.669088 25.915846 9.845245
12.737078 26.903173 8.701745
44.112472 47.900806 10.923500
37.438860 48.735117 8.432214
37.513708 48.952973 8.852676
37.501652 48.458028 8.959362
37.486236 48.237411 9.100647
2.204248 3.123248 5.639573
35.202893 49.924106 4.781569
10.506647 14.897982 6.655060
0.612381 4.502256 4.427880
10.281940 15.031081 6.514859
6.166435 26.002953 4.501541
58.600937 8.314751 8.646604
49.884205 24.119611 6.519447
56.510210 26.891635 6.431925
7.599725 15.613735 7.370181
16.419058 31.950843 7.336965
13.651977 17.515070 3.747134
13.992433 17.019167 3.003624
52.854460 10.288088 10.729556
48.805191 31.844164 9.494037
37.666252 48.945515 9.218891
37.569440 48.598766 9.310139
37.539962 49.073644 8.985064
37.660521 49.559587 9.799268
47.574419 30.673772 6.266628
48.796056 29.119075 7.152549
50.703659 24.904693 11.017668
13.353720 26.801916 8.025189
18.717694 47.275853 2.355357
37.863028 49.624887 10.312775
16.037325 45.065875 4.897832
51.954860 40.632821 1.895147
50.603032 13.097316 3.148586
32.604345 49.283265 8.429802
12.968055 35.150655 8.920081
47.330825 40.791479 8.023262
34.655568 51.141141 8.357653
28.196844 50.232503 4.923162
29.479984 50.163176 4.915187
60.075765 22.679143 5.519882
44.260065 40.432362 7.022406
52.476197 35.105394 7.211065
52.152643 34.914786 7.348420
50.881682 36.528693 12.287916
54.730183 2.979552 7.224929
52.998578 35.430051 6.931810
17.302256 42.015076 10.936943
10.979498 20.374785 8.549599
42.823488 42.490611 7.933089
48.581174 31.024580 7.371803
16.080002 23.057293 10.170844
50.986018 15.721291 9.054454
16.153589 20.946779 8.491401
49.133690 38.586463 11.925081
30.458892 51.854408 13.999679
48.623237 41.961231 9.497416
57.492506 14.893237 8.669115
58.482444 16.058373 9.567357
57.348813 14.913786 9.311167
21.210261 47.536387 11.517315
21.421986 47.421655 11.073157
13.172071 16.813195 3.960491
20.441827 48.389730 12.736806
31.692669 49.951041 13.435835
16.736039 31.129783 10.237122
56.747957 7.450829 8.059166
53.775089 3.971963 3.972033
18.967920 31.873098 3.408922
17.860089 41.296292 8.502721
16.679302 42.144435 8.852358
56.468809 3.677010 9.204050
32.431329 42.685276 0.268960
53.401415 14.333275 7.318192
53.675964 14.403575 7.616070
57.343455 26.718927 5.697418
16.524278 42.207892 9.407393
50.932476 25.834607 8.745380
55.415456 27.009052 7.305422
57.593739 4.069748 8.633555
46.784021 39.996997 8.623244
6.349746 7.912703 8.832137
12.432035 26.302976 10.202204
50.088594 27.608480 10.224532
1.075583 4.022902 4.958662
1.078845 3.859708 4.829828
37.732064 42.837677 6.686596
7.801402 15.599394 7.860510
16.904793 23.496608 1.400651
15.702941 20.788067 3.231034
9.691954 21.560356 9.563945
37.580591 49.375115 14.904987
22.220769 45.702890 8.549305
26.863572 45.134376 9.763051
62.706049 3.156596 5.243553
43.025052 41.387061 7.186212
38.252736 48.800176 13.167245
37.884738 48.644181 13.882802
54.686364 14.271964 7.485827
21.825130 48.235607 3.719205
7.356099 15.121828 8.975308
7.777206 15.015306 8.710824
16.100284 30.801251 10.722544
47.575215 41.894720 11.050580
15.655334 18.499517 7.772178
22.243609 45.497472 9.539187
10.433514 4.472432 3.983879
16.830220 46.077940 3.591724
22.154598 48.477399 9.465036
37.514184 48.196254 9.406326
37.550933 48.322885 9.648457
40.036205 43.180585 7.630587
39.105950 42.965434 6.788476
44.992600 47.224671 14.320064
9.469749 33.849649 0.671316
43.420004 38.298925 6.212506
24.654436 48.254212 1.018792
13.850350 27.993345 10.090638
55.709626 28.478099 10.744327
55.283842 27.478251 9.662501
35.996498 42.100430 0.266259
22.706653 45.005999 8.961127
13.976710 15.935579 8.345326
56.842994 31.032010 4.989644
13.011208 27.035884 7.554022
16.037047 42.349602 7.728987
32.546098 50.335525 14.271985
32.874885 50.205649 14.788462
10.782293 5.550282 9.093056
10.222139 6.304801 8.777587
10.242890 11.316298 8.942946
38.128229 49.967630 11.851953
57.562787 15.004808 9.300917
57.563267 14.851921 9.288519
57.978626 14.710471 9.774215
24.645651 48.385028 15.147009
23.410390 48.588529 15.097079
47.326377 40.422451 9.621022
51.293593 25.539018 10.650908
50.014974 25.024851 10.596269
55.082898 14.012188 9.759053
54.089126 13.252429 9.965806
52.793684 26.634907 9.064966
52.424382 26.498176 9.062117
15.041715 17.260798 9.179984
50.943047 40.223917 12.738241
16.955273 45.443281 0.273808
16.711347 41.777815 9.355793
1.910224 12.143798 5.869519
48.228641 41.462334 7.678544
53.815859 26.918295 9.490930
53.873461 26.889011 9.349640
7.496759 15.682319 8.420754
7.775456 15.506529 8.135724
54.167979 26.802163 9.810404
56.201654 33.669253 6.067814
54.742715 36.484643 2.468572
54.462336 37.319846 1.614405
12.666056 41.091516 0.266541
48.592105 42.876644 6.872347
48.676708 42.472533 7.382546
45.274141 40.022956 7.985255
43.405047 46.633084 8.282679
41.578526 48.943562 4.431957
39.997336 49.278494 4.346773
42.661569 48.677722 5.763296
48.281201 36.594275 9.788265
59.764215 25.347842 2.855451
14.535711 41.141239 12.234809
16.154121 41.902913 10.627622
47.313421 46.595393 13.932906
4.835904 5.200542 8.210481
4.270834 6.427920 9.270524
31.398018 51.655044 14.404125
51.602342 34.706704 9.554215
22.140611 45.491346 9.364493
7.808090 15.599710 7.834419
7.816970 15.593554 7.856974
0.508630 5.045819 0.266730
56.759726 29.981566 5.331533
56.451352 28.828824 9.801414
9.679123 24.242964 11.210148
32.441697 48.877985 9.299531
7.126465 27.105424 4.910762
52.838111 26.564994 8.930542
7.510454 15.840771 7.359612
7.415541 15.664799 7.355373
7.414104 15.856495 7.099715
48.851778 43.457952 6.013258
13.281436 26.810409 8.272034
54.569665 27.240081 8.737327
5.117504 22.885775 4.290194
4.781886 21.750404 4.450590
28.551952 45.695081 9.008915
37.321869 49.490711 7.768967
9.153561 35.063396 1.488147
45.913373 38.867657 8.393562
54.726144 14.404733 8.087885
54.487174 14.440385 7.879184
54.215781 14.265281 7.504584
22.221517 44.900188 8.885995
10.789893 23.202933 9.790048
57.167812 31.843250 4.014688
56.494213 33.285415 3.833212
55.859509 29.650143 11.302670
18.076863 46.319095 14.005796
16.348420 45.374090 13.307636
51.189406 41.191669 3.256079
11.613055 15.638395 8.340482
56.551249 31.907236 0.280454
57.061801 32.115750 1.560480
50.974047 27.057988 9.700858
58.025899 29.398555 3.517048
55.545720 27.780890 6.843121
56.291132 27.762457 6.344709
56.418269 28.905528 6.189911
16.934804 44.510973 13.510224
50.925464 15.814532 7.490574
12.351242 36.474264 11.594284
57.080993 13.708735 9.762081
10.625624 22.153538 9.712448
8.750636 22.753521 10.973528
37.540335 48.233774 8.969509
1.133805 4.557329 4.569525
1.601107 3.732734 5.276145
46.888326 27.824477 3.873221
59.303606 26.435622 1.496253
32.904807 49.843727 7.756958
3.270193 20.801001 2.998783
56.420440 25.166921 11.176661
12.821409 15.507158 8.712012
4.367943 15.540707 5.663820
2.389165 16.384044 3.692122
1.118776 16.070947 2.061235
43.612274 47.480331 8.894296
5.923774 6.530140 8.050956
14.147278 16.672253 2.008558
46.026767 44.681280 11.747729
49.754874 36.498810 11.182843
7.648507 21.457744 11.039770
5.911833 21.723088 9.768845
48.422809 40.309970 10.154589
58.619632 19.051734 11.018408
48.100302 41.745405 8.773240
47.571651 41.409582 8.081209
63.832961 12.613989 1.943625
16.256922 42.161087 9.106951
52.759835 26.662380 8.954485
12.580217 8.269875 6.556628
55.808695 14.496796 9.045749
55.208207 14.410025 8.505498
11.963313 5.728369 5.832299
52.589658 5.866589 0.265609
52.826866 4.994268 2.269479
43.951095 48.236371 12.970969
37.666810 49.003309 9.490970
37.619234 49.430732 9.503617
35.057001 44.326075 7.462041
3.127911 10.814331 8.244021
12.305127 27.159751 8.861901
12.309740 27.045563 8.832845
45.898360 43.035153 10.579249
12.901780 12.317684 1.885468
13.469191 14.848954 2.090968
37.803796 48.707428 8.443497
43.206539 46.764365 8.538363
42.941139 46.258853 8.327570
43.275575 46.895465 8.020480
33.731670 51.219922 11.957514
16.618025 42.151193 9.906512
16.701318 42.090829 9.400318
7.432179 16.021054 9.606951
16.390212 42.205063 9.931297
16.567371 41.847082 9.852959
6.374830 14.010893 10.142061
43.839807 47.527576 7.774447
16.742226 42.058197 9.109714
16.639976 41.845447 9.268373
22.192265 45.594787 9.288261
36.527341 46.326192 9.360154
36.691959 46.364857 8.760792
34.673358 43.653981 7.062528
18.096032 42.887915 11.388290
16.669312 42.111898 9.291096
10.496330 27.488737 8.700563
43.031350 45.709148 8.684513
42.696982 44.828083 8.970010
36.464142 50.304577 14.883075
37.366393 50.519175 14.691612
35.692027 50.963920 14.421604
9.528319 12.200351 8.236696
45.687800 35.953433 7.267046
32.526140 51.587880 13.951865
46.264122 40.690161 8.364269
27.838165 46.940253 9.589764
2.032609 13.268382 4.058499
27.284331 48.714829 9.234051
10.414505 14.138721 8.004251
38.213721 50.051735 12.053993
56.127589 28.222884 8.740216
49.568964 33.563469 8.809921
51.052238 34.411899 7.777197
49.254403 34.231907 8.247718
51.276766 34.492696 7.918358
44.928244 32.398821 4.093579
45.999871 32.546487 5.119032
48.925675 32.925893 8.128182
47.357527 34.769739 7.834235
27.255377 49.159327 9.986476
46.793224 34.361797 7.438870
49.872305 41.360158 5.501554
29.775416 49.551468 12.581184
37.748886 48.405326 12.755183
37.526119 47.930761 10.887265
14.952830 42.104727 11.838912
50.335315 23.945264 11.790451
54.382677 26.828076 9.527747
54.192268 27.033608 9.703114
52.868642 34.630085 10.804114
54.378628 26.840633 9.581534
53.988110 26.964469 9.456790
53.926699 26.876286 9.565341
8.018852 11.705695 8.636279
8.283903 12.448641 8.396140
32.436148 48.054906 8.977751
14.790894 34.713879 8.105435
50.837902 24.122838 11.595170
50.599708 27.874160 10.683438
54.215166 9.575220 10.454614
54.482531 10.436970 11.003720
63.407437 6.268518 5.198007
59.290012 13.589290 10.771144
29.465295 41.851006 3.127915
30.064660 41.789959 5.143839
37.617949 48.352625 9.400292
13.801127 18.735727 9.614905
43.835762 47.588622 9.128669
7.617972 15.671420 6.961833
21.947889 45.697317 10.043974
14.593039 19.043061 9.673652
8.071804 15.663888 6.981952
7.435976 15.691081 7.032175
4.109506 21.195906 4.068476
59.897706 11.860443 11.542311
2.429292 18.392618 2.709662
12.302748 6.586273 6.845355
53.620728 4.172935 7.462459
53.689094 4.546061 9.295491
55.003936 14.406349 8.184861
37.790533 49.565561 10.479718
55.143922 14.400581 7.926890
52.534280 35.668601 10.455988
22.181532 45.513456 9.569082
9.946115 15.145598 7.220530
49.514274 43.602144 3.356803
23.792296 48.537643 2.018622
50.679784 26.711118 7.703929
51.382592 25.930036 9.889310
52.697268 23.815906 10.723907
56.284710 26.978012 8.072537
4.807716 23.581848 3.837608
40.430977 47.344011 10.392854
53.095782 26.649678 8.581222
37.873054 44.975482 8.071343
16.085287 42.647889 9.717457
48.772993 32.135822 7.974569
53.935051 29.713475 10.971474
21.412635 45.455456 10.717829
26.912838 50.182797 13.860181
31.664133 50.235542 6.991458
62.862743 12.454939 4.055882
64.054172 8.834865 3.437613
63.534042 8.243064 4.010700
16.002118 42.544399 9.615344
55.600362 33.493367 4.709853
63.688356 8.096206 6.297648
50.829854 38.915326 13.325558
51.479741 40.560397 3.701203
12.763872 11.412656 0.274287
32.236418 47.941085 8.959509
32.289162 47.808673 8.781713
10.543552 27.663802 8.545292
42.988894 46.010228 8.303158
8.796851 21.847763 10.335240
38.025646 49.865029 11.975606
53.716744 18.843954 9.536643
15.562709 20.825340 9.520354
15.328878 33.851487 9.988822
5.033506 18.954693 5.197817
50.983789 34.190937 9.309086
16.116118 23.077932 3.764333
9.529272 33.719221 0.266633
11.792667 14.104742 5.675189
34.428701 50.319657 14.907776
50.803629 41.088738 12.091887
33.181165 51.015705 14.458657
31.962785 51.909544 13.618465
37.805998 49.439557 10.228979
52.819313 26.551570 9.044290
43.998848 48.544270 5.405824
49.333434 43.375226 4.772379
48.926899 44.331493 4.652361
57.606047 15.176360 7.274769
50.780976 26.929815 7.681184
46.459865 48.390295 8.089621
46.166207 48.103880 10.755891
41.668062 50.826647 9.746673
15.306157 21.028563 3.829900
43.606507 47.227885 8.714152
43.680128 47.219129 8.710868
62.446977 7.430917 10.157107
50.594637 19.984363 10.191199
43.240775 42.534097 8.478845
50.742637 18.898895 10.756252
55.922648 14.554799 9.327622
49.915088 28.680752 10.720320
6.278382 9.302276 8.446828
5.174181 10.008308 9.299892
5.060176 9.099850 9.443560
4.438491 10.341508 9.345797
12.995637 42.708462 8.180754
15.441346 19.847966 9.018831
16.103391 42.419409 9.670210
43.601632 47.074234 8.782510
58.058473 16.461930 10.199340
48.931898 30.220000 10.989506
11.414465 32.037134 12.642896
49.909741 41.952065 3.600311
14.346620 40.339620 13.038274
4.670618 20.395284 4.696764
9.797585 27.965173 9.126529
50.416667 25.020380 7.339549
11.692234 7.033309 8.191089
16.346037 29.398678 6.669934
32.820194 46.791976 9.704229
43.530211 46.141369 12.132883
57.477038 28.569776 5.126297
13.221926 30.878628 11.034726
13.319347 35.042550 7.984043
13.434140 35.100432 8.257145
48.330062 18.734425 0.265766
37.652740 48.229818 8.954360
11.536089 17.172699 9.475912
0.034334 7.875931 2.464784
50.216633 31.075869 10.461452
60.029432 5.499942 9.290175
14.825303 34.601718 9.163496
55.185469 14.350640 7.555227
53.965514 26.822458 8.626874
57.523277 9.611885 9.167436
63.311947 7.404493 8.217153
17.786673 26.619506 1.743632
48.871637 17.445626 2.571919
17.171561 24.251103 0.266496
37.800865 49.281876 9.493433
10.849268 41.145877 5.445571
50.828311 34.417342 9.455279
52.699001 33.806209 11.224779
43.006014 36.514413 0.270071
15.887502 20.106456 0.265865
60.117063 20.673222 8.848907
44.760527 48.073057 6.594197
52.839995 21.623791 9.975409
6.415430 14.969264 9.310173
14.869763 19.453900 3.543717
7.757572 16.473227 9.978994
30.628778 50.168961 5.346484
5.439609 14.144815 9.837549
47.138338 47.970808 7.033800
12.082714 19.893058 8.928686
21.963909 47.450227 14.787428
37.801294 48.530983 9.890987
37.768688 48.465589 9.652326
37.737632 48.495123 9.510404
24.721537 46.631696 11.515244
44.349371 48.950806 12.670641
43.913755 49.298732 13.450826
32.051327 49.650748 8.188121
14.184560 30.941225 10.838947
26.323926 43.838668 9.025109
37.853409 50.355267 11.407256
37.691572 50.370146 11.627016
38.012809 50.106127 12.329391
27.811520 51.348478 11.620704
11.425960 4.917667 7.178923
47.142258 43.846235 12.892142
33.493691 46.362712 10.015136
62.139940 13.669875 6.753023
60.372187 12.463369 11.161225
52.766695 12.742818 7.444605
49.909171 37.510453 11.683414
50.162336 15.284565 3.509169
56.174914 21.815158 10.849848
47.960974 41.510822 9.342843
37.689309 49.034579 9.711932
27.105597 47.843632 0.275561
50.653251 16.332944 10.221970
7.731692 15.462371 8.411975
53.902731 27.065609 8.167291
43.879028 39.032467 6.932389
36.476371 51.014019 10.526680
41.597855 48.405995 11.482127
37.582165 47.901426 8.485654
53.429030 13.497027 8.578412
47.767757 38.697934 11.467971
61.459085 18.433053 2.776173
45.747495 30.682602 3.971679
32.435259 49.801064 13.465603
50.245494 41.065243 4.516322
12.847480 35.293950 8.764055
53.892971 33.929307 11.306061
53.538150 26.829770 8.256547
42.340334 45.112939 8.846342
3.673798 9.070144 9.723026
53.979547 26.842180 9.416376
53.816157 26.815617 8.326018
48.378447 39.464603 11.717062
18.935747 46.338408 0.278462
22.191268 45.496146 9.552894
40.241774 42.377221 7.198912
48.105121 41.552367 9.032980
52.288731 10.791853 10.004512
48.397344 41.809510 9.340669
10.694296 18.060473 8.716330
10.105437 17.310966 8.738754
32.299096 47.296276 8.734699
54.446159 27.081355 9.575113
54.096367 26.825419 9.117303
37.799775 48.277252 9.689699
53.880570 19.519715 9.248376
14.920710 42.951869 9.918589
55.429495 28.884621 11.094843
3.403045 15.145830 4.809777
57.174476 15.348326 10.178376
6.135825 4.217150 8.767086
31.550009 49.048674 0.787499
32.731871 48.223720 0.279988
33.850259 48.335325 0.269137
12.336375 15.886971 4.482919
16.138409 39.278710 11.560030
33.762990 49.926555 14.854341
43.398834 47.354215 7.765694
14.653492 34.678252 8.862828
51.533906 34.397181 9.595750
8.870151 35.141479 2.521521
14.425151 42.339879 11.717962
15.667441 43.829262 11.727407
16.298568 43.308950 12.161517
16.127389 44.405110 13.079597
14.739724 30.445992 10.762115
14.562675 35.072118 9.872816
14.065966 34.578390 10.009203
52.836112 39.620100 3.524427
14.780280 32.068389 9.833835
13.347176 32.296171 10.574163
37.583064 48.274138 9.838788
8.147963 33.166745 6.533207
49.837479 42.230195 10.116314
10.501441 11.874902 9.118079
47.119792 40.974679 7.957286
20.084995 38.018730 7.055148
27.475286 41.267086 0.266862
4.954502 26.171530 0.264746
46.687010 30.369523 4.642603
48.654586 30.063075 9.852937
17.203128 35.425140 7.824313
16.107513 34.958831 7.952804
7.619162 13.377192 8.773826
49.017403 43.640344 6.326404
10.163385 30.835361 12.018146
10.084653 31.697017 12.329619
51.802811 34.007646 10.480024
16.690753 31.542567 7.445417
51.544100 22.754911 11.546549
53.852805 26.976217 8.371198
37.897727 49.951965 9.944426
37.644584 49.733482 10.001055
37.986295 50.902320 12.387577
37.772115 48.661059 10.302192
50.624404 34.999972 11.078403
27.814397 47.199219 9.755926
59.355118 22.230058 9.179132
46.289477 45.103680 13.452557
57.382180 14.918004 9.588397
56.816991 14.742021 9.517009
59.808860 24.319830 0.267362
37.822054 49.013163 8.902077
8.071332 22.253514 10.612907
49.902171 14.442489 1.822279
50.068245 18.277521 10.447584
46.152022 40.882655 8.214304
64.353310 6.503427 0.266279
8.946931 4.794657 7.931037
22.236044 45.510045 9.359245
4.130368 7.846757 10.211682
13.855139 35.913953 10.392794
4.733523 19.808264 5.964588
30.124959 43.884098 7.302768
29.209350 44.701959 8.067842
8.466318 33.490018 8.154853
57.271364 14.699839 9.643508
60.187719 24.386343 1.310641
47.637539 37.806974 10.850596
58.318738 3.232926 8.732899
15.482678 34.156894 9.475274
49.645553 32.808122 10.051996
8.881133 17.094219 9.582496
43.195193 46.770828 8.461847
43.219558 46.789964 8.489859
45.160612 41.576491 8.741258
51.862473 34.502211 9.803363
44.365534 44.996242 11.017802
42.825732 45.599312 8.543738
51.079397 29.101367 10.191555
17.858386 39.971944 8.891462
58.075198 21.709093 10.643765
56.062872 22.447682 10.720534
44.225238 49.612521 12.915968
52.280188 39.371087 0.288022
15.149837 31.084426 10.223163
11.847383 22.871744 9.462963
37.880674 49.012576 14.688553
26.879129 49.492975 14.870806
37.770248 48.934224 9.107943
43.000435 40.453293 6.949521
49.143249 44.346714 11.417409
30.316137 48.485494 0.271775
15.906537 32.534970 9.966197
12.729495 35.347238 8.710455
38.819279 49.996687 6.592191
30.145216 50.804325 6.097133
37.459084 48.318344 8.842716
43.132984 50.375404 13.402830
57.440358 3.165066 8.534752
53.700759 29.054597 10.818622
8.254137 15.302921 8.413261
14.767035 35.474024 10.140038
33.694496 51.255268 14.379034
36.781092 48.001066 11.803261
49.302976 43.685437 9.785620
8.836397 24.216566 11.267771
59.728906 12.682102 11.213832
23.344991 47.822841 15.011110
56.651641 11.184917 9.534572
37.725409 48.698964 9.192523
37.674091 48.406345 8.986532
12.646062 35.309066 8.714474
12.114713 14.017588 6.650709
59.155793 24.381610 3.883024
52.270352 14.910320 7.923802
55.084881 14.411231 8.290778
11.230175 12.852385 8.894030
54.649734 27.899094 10.386686
13.415179 26.868091 7.945665
13.308481 27.024363 8.400667
52.738912 26.621681 8.979922
37.724121 48.274909 9.315885
38.027377 50.161655 12.063393
64.501316 10.249700 0.265736
42.939167 41.748126 7.344450
35.634273 49.106138 13.131896
13.448163 35.030717 8.371353
53.734082 26.739670 9.409314
37.263394 46.992512 8.744389
10.305246 35.574081 0.276948
16.722934 34.168227 7.417242
9.811962 13.137817 7.879029
53.295629 24.265500 10.257553
12.096134 27.133709 8.877713
49.506078 20.524197 10.045014
50.747895 34.362194 9.457339
32.275830 49.727813 12.956935
39.757206 50.198364 6.009186
32.207968 48.529494 1.376917
43.704718 47.258985 8.744380
43.880135 40.551204 6.855896
7.853707 5.449629 7.714970
51.681997 34.726237 9.737275
7.800132 15.603392 7.840224
7.800878 15.606699 7.833767
56.777479 14.809540 7.826338
12.637832 35.394834 8.685167
22.044368 45.369748 9.413623
50.803032 34.393179 9.476706
21.998716 45.461919 9.298252
57.314400 14.926812 9.327219
54.057438 26.912252 9.466318
56.786430 14.838291 7.821328
50.833687 34.375206 9.440527
31.531299 48.752991 0.271562
30.856698 48.601357 0.260018
42.592423 43.514350 0.265549
47.456395 42.502267 0.265559
49.022900 41.242638 0.265563
51.140988 34.562212 0.265678
57.019045 16.407506 0.265559
43.621633 40.317744 0.265562
44.446123 37.869380 0.265559
43.907508 39.600080 0.265759
44.696110 38.455630 0.265562
45.046672 35.891705 0.265557
46.079360 33.316504 0.265560
47.630928 28.057505 0.266115
46.788421 30.482051 0.265560
48.467309 25.752937 0.267106
50.592945 21.178534 0.265721
49.042510 24.294889 0.266139
49.559368 21.875822 0.265560
52.045406 13.999024 0.265794
53.073942 11.029938 0.265907
53.638943 11.986031 0.265763
53.879436 8.837446 0.266607
58.195319 12.622063 0.266083
57.205081 15.662648 0.265723
54.113976 25.371067 0.265967
51.928889 31.865743 0.265557
49.656230 39.275500 0.265560
48.123705 39.714317 0.266590
51.822701 31.071685 0.265560
56.623204 17.636976 0.265561
55.277313 21.817147 0.265559
54.765340 23.212755 0.265559
58.892812 10.429777 0.265558
43.078755 42.521337 0.267024
52.760819 29.602062 0.265936
58.228470 9.821775 0.265756
48.634154 42.175897 0.266405
47.993658 44.439230 0.265562
47.710230 45.152075 0.266681
57.154355 13.183373 0.265677
55.848658 17.523846 0.265623
54.249340 22.481232 0.265561
52.498255 25.581207 0.266694
52.593408 26.428146 0.265718
53.342718 27.242219 0.265559
51.230875 29.871891 0.267390
50.429223 35.045647 0.266518
49.385559 35.359917 0.265559
49.528515 36.344023 0.265451
50.225009 37.175793 0.266201
58.573039 10.557487 1.265482
58.003889 12.391934 1.265204
56.893188 15.990874 1.293824
56.188269 17.759611 1.295468
54.958304 21.435278 1.294081
54.375967 23.312343 1.276021
53.869681 25.281978 1.266763
52.989702 27.301462 1.272922
52.577155 29.360627 1.265486
51.286533 31.930297 1.282416
50.803762 34.605367 1.266299
49.964539 37.475074 1.265481
49.410357 39.196314 1.265484
48.642789 41.531290 1.281346
47.636082 44.729789 1.296145
58.011612 10.601583 1.265484
57.333311 12.348206 1.262144
54.539645 21.579634 0.265558
53.380216 24.964077 1.264597
52.164510 28.956407 1.265486
51.545528 29.420908 1.288656
51.534521 31.250273 1.265488
49.637928 37.033324 1.277311
48.760898 38.929420 1.264788
48.487763 39.513554 1.277557
46.017614 42.880781 0.264957
58.005549 10.027962 1.265234
57.064702 12.894226 1.265484
53.568309 16.534853 0.266236
53.893952 22.573567 1.265488
50.897193 31.371539 1.264137
50.581145 33.874242 1.265483
47.476502 41.459282 1.246160
47.426305 42.221175 1.265486
44.736416 43.280335 0.259317
57.600021 10.725919 0.265562
57.298907 12.073076 0.264445
52.906002 22.765333 1.260487
53.660381 23.467604 0.265558
53.102100 24.661185 0.266083
52.781130 25.355566 1.265485
51.788592 26.991489 1.261550
52.297824 27.672550 0.265090
51.918636 28.877234 0.265557
50.855936 31.996282 0.265544
50.056890 34.183149 0.262440
49.555443 35.098283 1.265487
49.016697 37.051628 1.275622
49.147689 37.483466 0.265560
48.753215 38.680788 0.265049
52.995920 23.096596 0.260189
52.385281 26.585032 1.265484
51.133184 28.950383 0.260194
49.280883 34.541128 1.265482
49.218494 36.420717 1.265483
48.533120 37.140869 0.248611
43.988576 40.005184 1.294004
56.191986 9.991050 1.263740
55.928619 11.646455 0.265559
51.702554 27.155303 0.251653
50.132687 31.255228 0.255633
49.560767 32.685327 0.265810
48.321903 36.727341 1.264745
47.985770 38.737655 0.254772
47.146093 41.452517 0.265562
56.200151 9.105344 0.266096
55.866937 9.376271 1.267438
56.333804 10.296653 0.265318
52.230216 14.332608 1.267948
51.741156 25.200804 0.267937
49.605567 30.322576 0.266275
49.834300 30.759974 1.291437
46.346943 35.224798 0.265561
55.584932 11.784553 1.265486
52.421018 16.209605 0.265650
50.611417 21.452536 1.266349
52.004144 24.974690 1.268975
50.660248 29.201523 1.269911
50.126603 29.385785 0.265560
47.424218 39.016574 1.270280
46.959816 39.221479 0.265558
46.146561 41.768544 0.266348
46.090490 42.035764 1.266425
45.767107 42.669991 1.263601
53.963883 11.839998 1.265448
52.268379 22.539273 1.265484
51.581113 24.326353 1.262282
50.867334 26.762235 1.262860
50.269948 28.464461 1.263351
49.256786 32.375249 1.293052
47.534711 33.642927 0.265563
47.167187 34.365101 1.270508
47.701552 36.556493 1.265485
47.177132 38.382906 1.264306
43.980235 43.418407 1.265485
42.917488 43.347617 1.265484
53.527088 15.022269 1.264526
53.597354 15.375848 0.255110
51.939457 22.743903 0.265561
51.396567 24.073681 0.262038
49.342839 25.348725 0.265861
49.434576 25.634983 1.265488
49.016451 26.093668 1.270372
50.574902 26.837538 0.264864
50.178624 28.249427 0.263072
48.851497 32.503212 0.265560
47.431354 36.733489 0.265560
46.947599 38.054289 0.265192
55.007930 11.637264 1.264718
48.950009 30.253198 0.266593
48.022592 30.961445 0.264092
47.150371 32.878201 0.265558
45.103147 41.984965 0.266608
45.166540 42.262524 1.265486
55.344638 9.419760 0.254796
53.246656 16.080206 1.287194
50.164692 23.597234 0.265562
49.187765 26.538558 0.265455
46.267756 35.470678 1.265490
44.750938 43.010085 1.265255
55.298207 8.755644 0.267732
54.808181 11.198858 0.250054
50.613267 22.242887 0.263308
49.248247 24.109879 1.265970
48.866576 27.820549 0.265556
48.461340 27.972836 1.265485
48.528012 30.532599 1.278544
46.650428 34.282206 0.265560
45.871025 36.010350 1.263205
46.030005 36.294618 0.264246
44.182653 42.571429 1.271062
54.579218 9.681781 0.264968
52.644740 15.995680 1.267869
50.458441 21.981537 1.262928
49.840398 23.784551 1.265487
47.924133 28.640469 0.265561
47.185555 33.357659 1.265487
45.654708 37.673768 0.263482
45.078449 38.321729 1.265487
44.181296 42.297389 0.266172
54.999290 9.230011 1.295643
53.918648 11.105913 1.265483
52.457585 14.950740 1.265034
47.927126 28.205415 1.265912
47.611621 29.942816 0.266267
46.592408 33.724868 1.265484
45.292565 35.970861 1.265487
45.460614 37.834892 1.261185
47.312477 30.308674 1.268605
54.131155 9.027769 1.275510
52.281398 15.196292 0.265656
47.367790 31.211328 1.265487
46.382157 32.793024 1.270555
44.750125 37.804420 1.265486
43.194288 42.800861 1.265435
53.390708 10.904221 1.265349
49.805265 21.954982 1.265485
48.459387 26.135154 1.265487
